,trial,hole1,hole2,hole3,num_cols
0,1,4.64875432126524e-15,0.6550854019444576,0.34491459805553765,115
1,2,8.394684356849664e-15,8.394684356849664e-15,0.9999999999999832,106
2,3,0.002463770327188674,0.9975362296728023,9.086586139966524e-15,114
3,4,1.0364203465328732e-14,0.0007516212046046177,0.9992483787953851,120
4,5,4.7269441822452215e-14,0.9999999999999054,4.7269441822452215e-14,120
5,6,0.268675683118446,0.7313243168815423,1.167479492746406e-14,137
6,7,6.84161877976326e-15,6.84161877976326e-15,0.9999999999999863,120
7,8,0.9999999999999803,9.809302666103173e-15,9.809302666103173e-15,138
8,9,0.9999999999999907,4.6882847968090455e-15,4.6882847968090455e-15,117
9,10,7.897108800779763e-14,7.897108800779763e-14,0.999999999999842,100
10,11,4.351123896725484e-15,4.351123896725484e-15,0.9999999999999913,156
11,12,0.9999999999999755,1.2244379312547035e-14,1.2244379312547035e-14,125
12,13,0.3068029415989734,0.6931970584010169,9.68884145484192e-15,137
13,14,4.883640642690778e-15,4.883640642690778e-15,0.9999999999999902,127
14,15,0.9035139454085019,0.09648605459149052,7.59229597684854e-15,80
15,16,9.853033446173985e-15,0.9999999999999803,9.853033446173985e-15,143
16,17,0.999999999999943,2.848738397683836e-14,2.848738397683836e-14,122
17,18,1.7130117717171533e-14,0.9999999999999657,1.7130117717171533e-14,124
18,19,0.6741747292853058,0.3258252707146901,4.115919106799693e-15,100
19,20,0.9999999999999934,3.296918542691854e-15,3.296918542691854e-15,119
20,21,0.1748279548500754,0.8251720451499176,7.0543825107425686e-15,143
21,22,2.635419674295054e-15,0.9399902730210571,0.06000972697894027,144
22,23,1.1234339516081568e-14,1.1234339516081568e-14,0.9999999999999776,174
23,24,1.1546276762186238e-14,1.1546276762186238e-14,0.9999999999999769,149
24,25,5.499187166360291e-15,0.6985546743334715,0.30144532566652305,157
25,26,5.851473944702193e-15,0.09008403652946805,0.9099159634705262,119
26,27,6.381226598303534e-15,6.381226598303534e-15,0.9999999999999872,120
27,28,2.4530589046579392e-14,0.9999999999999509,2.4530589046579392e-14,104
28,29,0.9999999999999698,1.511102529032392e-14,1.511102529032392e-14,82
29,30,0.191491822841099,0.8085081771588924,8.486337077922095e-15,130
30,31,0.9999999999999734,1.329807658918389e-14,1.329807658918389e-14,160
31,32,0.07064779999716285,0.6936799251886202,0.2356722748142169,123
32,33,8.594916561347664e-15,0.9999999999999828,8.594916561347664e-15,142
33,34,0.9999999999999635,1.8240814855629e-14,1.8240814855629e-14,121
34,35,0.9999999999993431,3.284854897636763e-13,3.284854897636763e-13,158
35,36,3.667140834336259e-15,3.667140834336259e-15,0.9999999999999927,126
36,37,0.7983315429610455,0.20166845703894898,5.467167250336642e-15,135
37,38,8.899585930085723e-15,8.899585930085723e-15,0.9999999999999822,129
38,39,0.3117477147813367,0.3626541761310925,0.3255981090875708,130
39,40,0.9999999999999916,4.213625424639869e-15,4.213625424639869e-15,146
40,41,7.661662514046471e-15,7.661662514046471e-15,0.9999999999999847,135
41,42,5.484400664087651e-15,0.15360225343096795,0.8463977465690267,160
42,43,0.9736624523927477,2.5165565399461715e-14,0.02633754760722718,150
43,44,1.1249195726735041e-14,1.1249195726735041e-14,0.9999999999999775,158
44,45,0.9999999999999876,6.237955743865966e-15,6.237955743865966e-15,122
45,46,9.27108793187912e-15,0.3297805354257357,0.6702194645742551,119
46,47,2.86141108343527e-14,2.86141108343527e-14,0.9999999999999428,100
47,48,0.4277325188655104,1.1651086314748617e-14,0.572267481134478,125
48,49,1.2765201133167027e-14,1.2765201133167027e-14,0.9999999999999745,160
49,50,1.703300096994051e-14,0.9999999999999659,1.703300096994051e-14,160
50,51,0.9999999999999649,1.756815606723828e-14,1.756815606723828e-14,118
51,52,4.6695158069104856e-15,4.6695158069104856e-15,0.9999999999999907,157
52,53,0.47245734220256874,0.29973281845066074,0.22780983934677046,142
53,54,7.631456377017065e-15,0.3773501039489924,0.622649896051,144
54,55,6.287193775049635e-15,0.42508671559808453,0.5749132844019091,150
55,56,2.0758521505213947e-14,0.9999999999999585,2.0758521505213947e-14,152
56,57,6.935046202300646e-15,0.16296309680295418,0.8370369031970388,118
57,58,0.27825560440317104,0.4335896625087891,0.28815473308803996,105
58,59,0.5509246444407262,7.737978287971829e-15,0.4490753555592661,148
59,60,7.954254391283662e-15,7.954254391283662e-15,0.9999999999999841,160
60,61,1.2301869750969246e-14,1.2301869750969246e-14,0.9999999999999754,139
61,62,0.02572760625925854,1.2130506332494506e-14,0.9742723937407293,163
62,63,1.3794366395630496e-14,0.9999999999999725,1.3794366395630496e-14,143
63,64,4.507776719758432e-14,0.9999999999999098,4.507776719758432e-14,163
64,65,0.9999999999999727,1.3672499385609402e-14,1.3672499385609402e-14,120
65,66,1.9394643783131166e-14,0.9999999999999613,1.9394643783131166e-14,147
66,67,0.7995868922783149,0.20041310772167537,9.699429444327842e-15,117
67,68,7.982424405953417e-15,0.4434075493758138,0.5565924506241782,114
68,69,0.4221494566809674,0.5778505433190283,4.323276957040345e-15,128
69,70,0.9999999999999781,1.0956567520471738e-14,1.0956567520471738e-14,155
70,71,8.200261536888734e-15,0.9969098390669131,0.0030901609330787317,157
71,72,0.9999999999999925,3.7679784333279135e-15,3.7679784333279135e-15,139
72,73,5.080531922705882e-15,0.4471801383638075,0.5528198616361875,118
73,74,1.0422112621259375e-14,1.0422112621259375e-14,0.9999999999999791,100
74,75,0.5448203601306265,0.45517963986936383,9.634367784756644e-15,143
75,76,0.9999999999999839,8.053708344284748e-15,8.053708344284748e-15,106
76,77,7.359277244357412e-15,0.20730856506895304,0.7926914349310397,123
77,78,0.8108369152128339,0.18916308478715754,8.570772613733126e-15,108
78,79,6.912708918559508e-15,0.19983279183132113,0.8001672081686719,120
79,80,0.37795234742861633,0.6216412959991334,0.0004063565722502861,118
80,81,1.677569120295012e-14,1.677569120295012e-14,0.9999999999999665,132
81,82,4.602012780827965e-15,0.9999999999999908,4.602012780827965e-15,140
82,84,0.9999999999999645,1.7776099460204753e-14,1.7776099460204753e-14,119
83,85,0.7425741130259048,0.25742588697409086,4.410233743630425e-15,133
84,86,1.2327340947336924e-14,1.2327340947336924e-14,0.9999999999999754,121
85,90,4.227768728262629e-15,4.227768728262629e-15,0.9999999999999916,156
86,91,1.3201390655914518e-14,0.9997353987544454,0.0002646012455413253,161
87,93,7.133272549370457e-15,0.9999999999999857,7.133272549370457e-15,152
88,94,0.15486645408398306,0.8451335459160124,4.511599168372389e-15,160
89,97,0.9999999999999568,2.1592380956274162e-14,2.1592380956274162e-14,113
90,98,5.083056879048527e-15,0.275962960342731,0.7240370396572638,160
91,99,7.26860613274263e-15,7.26860613274263e-15,0.9999999999999855,136
92,100,1.155245904484532e-14,1.155245904484532e-14,0.9999999999999769,143
93,102,0.9999999999999507,2.4672562490974295e-14,2.4672562490974295e-14,105
94,103,0.9999999999999589,2.0562028355427242e-14,2.0562028355427242e-14,137
95,106,6.643969319859188e-15,0.47294889478406527,0.5270511052159281,176
96,107,0.8189215483382354,1.0857404375798641e-14,0.1810784516617538,156
97,109,1.3632775262750239e-14,1.3632775262750239e-14,0.9999999999999727,151
98,111,0.9999999999999843,7.854763103570421e-15,7.854763103570421e-15,143
99,112,5.7629249000342556e-15,0.1529534387706232,0.8470465612293712,166
100,113,0.0002631852491247352,0.9997368147508704,4.8237645126632434e-15,171
101,114,0.9999999999999861,6.921401011599725e-15,6.921401011599725e-15,125
102,115,6.983333096217662e-14,6.983333096217662e-14,0.9999999999998603,112
103,118,2.4071024718812597e-14,2.4071024718812597e-14,0.9999999999999518,163
104,121,0.9999999999999918,4.089151778381319e-15,4.089151778381319e-15,111
105,122,1.3338674884142288e-14,1.3338674884142288e-14,0.9999999999999734,159
106,123,0.2043469205926385,1.6836333392777532e-14,0.7956530794073446,144
107,126,6.174889741866826e-15,6.174889741866826e-15,0.9999999999999877,153
108,127,0.35069136885766095,6.864324233758403e-15,0.6493086311423322,161
109,129,0.9999999999998668,6.659915497273271e-14,6.659915497273271e-14,119
110,132,0.9999999999999862,6.8810959891450496e-15,6.8810959891450496e-15,152
111,133,0.9999999999999846,7.703369756099325e-15,7.703369756099325e-15,108
112,139,0.8446524825085722,0.15534751749142245,5.414324557273031e-15,117
113,140,6.2297640674131576e-15,0.907422741942092,0.0925772580579016,80
114,142,1.7583276080045892e-14,0.9535806368399687,0.046419363160013674,119
115,143,0.197947164625571,0.28925933082868943,0.5127935045457395,153
116,144,0.9999999999999666,1.668298595408538e-14,1.668298595408538e-14,119
117,145,3.780894623023908e-15,0.4291832666902871,0.5708167333097092,154
118,148,0.9999999999999818,9.105173369430087e-15,9.105173369430087e-15,112
119,149,6.096901842080239e-15,0.9999999999999878,6.096901842080239e-15,160
120,154,1.5219917354202787e-14,1.5219917354202787e-14,0.9999999999999696,122
121,156,2.789072751766825e-14,2.789072751766825e-14,0.9999999999999443,108
122,158,3.2874937927225434e-15,3.2874937927225434e-15,0.9999999999999934,139
123,163,0.9999999999999809,9.556662822452586e-15,9.556662822452586e-15,136
124,166,1.1030105158403113e-14,1.1030105158403113e-14,0.9999999999999779,137
125,170,4.017705992570395e-15,4.017705992570395e-15,0.999999999999992,152
126,173,1.4562664406445047e-14,1.4562664406445047e-14,0.9999999999999709,166
127,179,0.999999999999949,2.5466339057818693e-14,2.5466339057818693e-14,163
128,183,8.384802561185105e-15,8.384802561185105e-15,0.9999999999999832,120
129,186,0.9999999999999885,5.765328746164698e-15,5.765328746164698e-15,113
130,190,1.2746381490240318e-14,1.2746381490240318e-14,0.9999999999999745,155
131,192,0.9999999999999869,6.5586098335652146e-15,6.5586098335652146e-15,120
132,196,9.742012758277855e-15,9.742012758277855e-15,0.9999999999999806,120
133,207,0.9999999999999913,4.3388043988349576e-15,4.3388043988349576e-15,116
134,210,0.99999999999999,4.978210918661239e-15,4.978210918661239e-15,130
135,214,0.9999999999999808,9.61949485506911e-15,9.61949485506911e-15,170
136,215,0.9999999999999929,3.550504217973842e-15,3.550504217973842e-15,139
137,223,0.9999999999999752,1.2363256168831457e-14,1.2363256168831457e-14,152
138,254,0.9999999999999843,7.811190324156782e-15,7.811190324156782e-15,127
139,283,0.9999999999999793,1.0316130883937369e-14,1.0316130883937369e-14,160
140,289,0.9999999999999919,4.038898122062643e-15,4.038898122062643e-15,101
141,297,0.9999999999999919,4.024750804324942e-15,4.024750804324942e-15,150
142,302,0.9999999999999689,1.5520593074540146e-14,1.5520593074540146e-14,163
143,306,5.2037110718603495e-15,5.2037110718603495e-15,0.9999999999999896,155
144,307,0.9999999999999926,3.706963393964081e-15,3.706963393964081e-15,138
145,316,2.5514836306769645e-14,2.5514836306769645e-14,0.9999999999999489,143
146,319,0.9999999999999626,1.869235674975018e-14,1.869235674975018e-14,123
147,326,0.9999999999999895,5.283525263252248e-15,5.283525263252248e-15,161
148,332,0.9999999999999839,8.056273789940873e-15,8.056273789940873e-15,177
149,380,3.514070143073998e-15,3.514070143073998e-15,0.999999999999993,135
