,trial,hole1,hole2,hole3,num_cols
0,1,7.471329342668501e-15,0.6716146199364719,0.3283853800635207,170
1,2,6.469369075008054e-15,0.015861004641581942,0.9841389953584115,165
2,3,0.027246194005446527,0.972753805994544,9.416507793580894e-15,168
3,4,7.923346657960742e-15,0.018023822784959766,0.9819761772150323,180
4,5,2.3669820198430762e-14,0.9999999999999527,2.3669820198430762e-14,183
5,6,0.24240814073364042,0.7575918592663516,7.945816481915059e-15,207
6,7,1.0108246270281512e-14,1.0108246270281512e-14,0.9999999999999798,182
7,8,0.9999999999999793,1.0316611181043198e-14,1.0316611181043198e-14,209
8,9,0.9999999999999869,6.544921620531054e-15,6.544921620531054e-15,171
9,10,0.046027453389272846,0.08458135701932654,0.8693911895914006,150
10,11,4.844169539446925e-15,4.844169539446925e-15,0.9999999999999903,238
11,12,0.9999999999999739,1.3070342191975527e-14,1.3070342191975527e-14,191
12,13,0.7690778904978948,0.23092210950208955,1.5681136728689445e-14,213
13,14,5.202494167488989e-15,5.202494167488989e-15,0.9999999999999896,189
14,15,0.6890065591710689,0.31099344082892666,4.515867461194064e-15,120
15,16,4.5326853018608275e-14,0.9999999999999093,4.5326853018608275e-14,203
16,17,0.9999999999999623,1.88937883387608e-14,1.88937883387608e-14,183
17,18,1.0865933267196919e-14,0.9999999999999782,1.0865933267196919e-14,184
18,19,0.6949138020234599,0.3050861979765358,4.2269074479807065e-15,152
19,20,0.9999999999999939,3.065807786399435e-15,3.065807786399435e-15,179
20,21,9.511543363695397e-15,0.999999999999981,9.511543363695397e-15,232
21,22,2.406968401018599e-15,0.8010518167681667,0.1989481832318309,218
22,23,1.3530357240700298e-14,1.3530357240700298e-14,0.9999999999999729,258
23,24,7.039240502652921e-15,7.039240502652921e-15,0.9999999999999859,224
24,25,4.197543410201621e-15,0.8218347588870488,0.178165241112947,236
25,26,7.533435692345558e-15,0.16592705888437836,0.834072941115614,180
26,27,7.620952645978588e-15,7.620952645978588e-15,0.9999999999999848,184
27,28,2.253652646862091e-14,0.9999999999999549,2.253652646862091e-14,153
28,29,0.9999999999999749,1.2523080097265703e-14,1.2523080097265703e-14,121
29,30,0.2163773140449819,0.7836226859550124,5.645072327485803e-15,208
30,31,0.9999999999998682,6.587151235043628e-14,6.587151235043628e-14,235
31,32,0.012830259281480794,0.7361492295692467,0.25102051114927243,186
32,33,8.12255631253375e-15,0.9999999999999838,8.12255631253375e-15,220
33,34,0.999999999999977,1.1499125967428387e-14,1.1499125967428387e-14,179
34,35,0.9999999999998729,6.356898016549998e-14,6.356898016549998e-14,237
35,36,3.6965101009607535e-15,3.6965101009607535e-15,0.9999999999999926,186
36,37,0.7115198167775867,0.2884801832224086,4.655834178678831e-15,209
37,38,9.13073946917961e-15,9.13073946917961e-15,0.9999999999999818,201
38,39,0.4409113120390252,0.5477093769181741,0.01137931104280076,203
39,40,0.9999999999999878,6.127109898499626e-15,6.127109898499626e-15,218
40,41,1.127494017713316e-14,1.127494017713316e-14,0.9999999999999775,205
41,42,5.977968606510542e-15,0.2791835182771323,0.7208164817228617,237
42,43,0.9999999999999654,1.7343320186872402e-14,1.7343320186872402e-14,222
43,44,1.0612407869512847e-14,1.0612407869512847e-14,0.9999999999999788,241
44,45,0.9999999999999842,7.865741776940507e-15,7.865741776940507e-15,182
45,46,7.070386318973998e-15,0.45514522545884195,0.544854774541151,178
46,47,2.29672548893375e-14,2.29672548893375e-14,0.999999999999954,150
47,48,0.22420554728208908,8.219548558282843e-15,0.7757944527179026,190
48,49,1.21428546845669e-14,1.21428546845669e-14,0.9999999999999757,241
49,50,0.01563664434707016,0.8782229002627213,0.10614045539020849,239
50,51,0.9999999999999376,3.119147007943393e-14,3.119147007943393e-14,174
51,52,4.713169796380748e-15,4.713169796380748e-15,0.9999999999999906,227
52,53,0.34810672791986585,0.2655862895376122,0.386306982542522,212
53,54,4.529321454717021e-15,0.4002284686494715,0.599771531350524,232
54,55,9.732915931987226e-15,0.4595475746167419,0.5404524253832482,221
55,56,2.2087273946556594e-14,0.9999999999999558,2.2087273946556594e-14,228
56,57,7.34209949394376e-15,0.09569224446304922,0.9043077555369434,170
57,58,0.2969852392702738,0.4542810273059721,0.2487337334237541,152
58,59,0.4444289552280425,1.0409554672967794e-14,0.5555710447719471,214
59,60,9.089267359035004e-15,9.089267359035004e-15,0.9999999999999818,241
60,61,1.1879884265670696e-14,1.1879884265670696e-14,0.9999999999999762,210
61,62,0.09380785485738066,1.5174088518471483e-14,0.9061921451426042,246
62,63,2.1574896339798606e-14,0.9999999999999568,2.1574896339798606e-14,216
63,64,3.124229835653926e-14,0.9999999999999375,3.124229835653926e-14,242
64,65,0.9999999999999452,2.7450037138562284e-14,2.7450037138562284e-14,178
65,66,3.029346092838094e-14,0.9999999999999394,3.029346092838094e-14,218
66,67,0.6161695014856678,0.38383049851432643,5.769146479435228e-15,173
67,68,8.670743414624889e-15,0.48808763544681216,0.5119123645531791,172
68,69,0.3498498503332239,0.6501501496667712,4.811297798096635e-15,191
69,70,0.9999999999999832,8.360277512005651e-15,8.360277512005651e-15,240
70,71,8.577698792413532e-15,0.9315548606609886,0.06844513933900287,232
71,72,0.9999999999999922,3.906434633101424e-15,3.906434633101424e-15,206
72,73,5.385393770271848e-15,0.24296888104922373,0.7570311189507709,174
73,74,1.4558527812402178e-14,1.4558527812402178e-14,0.9999999999999709,151
74,75,0.6773857949470187,0.32261420505297067,1.0768694880257089e-14,215
75,76,0.9999999999999778,1.1111563023140036e-14,1.1111563023140036e-14,157
76,77,7.16466835254507e-15,0.12244826227505733,0.8775517377249354,181
77,78,0.553729712909258,0.4462702870907369,5.0817668899236236e-15,155
78,79,1.0878115449096265e-14,0.2136524189415283,0.7863475810584607,180
79,80,0.2343185080270641,0.7656814919729287,7.260748747272041e-15,176
80,81,1.2476592000453239e-14,1.2476592000453239e-14,0.999999999999975,194
81,82,5.85377483717456e-15,0.9999185115765258,8.148842346845354e-05,203
82,84,0.9999999999999682,1.5858693446693564e-14,1.5858693446693564e-14,181
83,85,0.7349627841367774,0.26503721586321927,3.471371474410824e-15,196
84,86,1.0095821789339244e-14,1.0095821789339244e-14,0.9999999999999798,180
85,90,3.638904030115223e-15,3.638904030115223e-15,0.9999999999999927,239
86,91,9.899799175868359e-15,0.9604971575285275,0.0395028424714626,237
87,93,8.708653072075068e-15,0.9999999999999826,8.708653072075068e-15,251
88,94,0.24079780890161578,0.7592021910983798,4.345758823219233e-15,224
89,97,0.9801904817064834,2.3461566719173255e-14,0.019809518293493297,169
90,98,4.144800407102585e-15,0.3046462129564336,0.6953537870435622,240
91,99,8.225403569036862e-15,8.225403569036862e-15,0.9999999999999836,185
92,100,9.73154197734294e-15,9.73154197734294e-15,0.9999999999999806,213
93,102,0.9999999999999776,1.1185554202711354e-14,1.1185554202711354e-14,155
94,103,0.9999999999999466,2.6679574384377178e-14,2.6679574384377178e-14,204
95,106,4.780367352960677e-15,0.3686946243860534,0.631305375613942,258
96,107,0.858373283884366,1.1298883523306683e-14,0.1416267161156228,236
97,109,1.612741573359898e-14,1.612741573359898e-14,0.9999999999999677,224
98,111,0.9999999999999815,9.246715026157925e-15,9.246715026157925e-15,208
99,112,4.7933615303579645e-15,0.15561032178692244,0.8443896782130728,233
100,113,0.0026584409165724674,0.9973415590834211,6.33197137794377e-15,251
101,114,0.9999999999999838,8.102916224102736e-15,8.102916224102736e-15,180
102,115,7.810969413698674e-14,7.810969413698674e-14,0.9999999999998438,168
103,118,1.0675282216466506e-14,1.0675282216466506e-14,0.9999999999999787,244
104,121,0.9999999999999893,5.321888157042078e-15,5.321888157042078e-15,157
105,122,1.4164031612585586e-14,1.4164031612585586e-14,0.9999999999999717,231
106,123,0.3911362602147252,1.3281430180703277e-14,0.6088637397852615,214
107,126,5.398528286148318e-15,5.398528286148318e-15,0.9999999999999892,229
108,127,0.17052479456820657,1.0518591926735605e-14,0.8294752054317829,239
109,129,0.9999999999999148,4.2599083833320277e-14,4.2599083833320277e-14,180
110,132,0.999999999999988,6.0119607545396064e-15,6.0119607545396064e-15,227
111,133,0.999999999999989,5.474900829065204e-15,5.474900829065204e-15,164
112,139,0.6683267868831084,0.33167321311688547,6.042831380878136e-15,177
113,140,7.047273283256781e-15,0.8924475570435307,0.10755244295646214,122
114,142,1.044225839754118e-14,0.6955057673204382,0.30449423267955134,177
115,143,2.0352798917444792e-14,0.004106171915609443,0.9958938280843702,232
116,144,0.9999999999999837,8.152131767228804e-15,8.152131767228804e-15,181
117,145,4.840804271869794e-15,0.5029948339566785,0.4970051660433165,234
118,148,0.999999999999985,7.498424933089574e-15,7.498424933089574e-15,172
119,149,6.553100279306568e-15,0.9999999999999869,6.553100279306568e-15,239
120,154,9.227378826917604e-15,9.227378826917604e-15,0.9999999999999816,184
121,156,0.0026336255227381086,1.2296164133555953e-14,0.9973663744772496,158
122,158,3.1263055801340733e-15,3.1263055801340733e-15,0.9999999999999938,203
123,163,0.9999999999999863,6.845047617101094e-15,6.845047617101094e-15,212
124,166,8.001340116807028e-15,8.001340116807028e-15,0.999999999999984,206
125,170,3.917398049307912e-15,3.917398049307912e-15,0.9999999999999921,227
126,173,1.620554683246099e-14,1.620554683246099e-14,0.9999999999999676,249
127,179,0.9999999999999771,1.1435069937846505e-14,1.1435069937846505e-14,251
128,183,5.838113654904956e-15,7.942036823139506e-05,0.9999205796317628,180
129,186,0.9999999999999883,5.8265664563844085e-15,5.8265664563844085e-15,170
130,190,1.1495114767044953e-14,1.1495114767044953e-14,0.999999999999977,253
131,192,0.9999999999999875,6.247913345984506e-15,6.247913345984506e-15,187
132,196,2.4689237916308855e-14,2.4689237916308855e-14,0.9999999999999506,180
133,207,0.9999999999999909,4.5299809161362154e-15,4.5299809161362154e-15,176
134,210,0.9999999999999902,4.8938017541180555e-15,4.8938017541180555e-15,195
135,214,0.9999999999999661,1.69153283042014e-14,1.69153283042014e-14,253
136,215,0.999999999999993,3.4759659299632946e-15,3.4759659299632946e-15,210
137,223,0.9999999999999449,2.7531149925486596e-14,2.7531149925486596e-14,229
138,254,0.9999999999999841,7.945690040457819e-15,7.945690040457819e-15,195
139,283,0.9999999999999889,5.576215720326561e-15,5.576215720326561e-15,238
140,289,0.9999999999999918,4.097268250302052e-15,4.097268250302052e-15,153
141,297,0.9999999999999919,4.04673670910335e-15,4.04673670910335e-15,226
142,302,0.9999999999999739,1.302113381553511e-14,1.302113381553511e-14,238
143,306,6.372404278249245e-15,6.372404278249245e-15,0.9999999999999872,234
144,307,0.9999999999999926,3.7412352866099666e-15,3.7412352866099666e-15,203
145,316,1.1607672433728649e-14,1.1607672433728649e-14,0.9999999999999768,205
146,319,0.9999999999999682,1.585699345552755e-14,1.585699345552755e-14,187
147,326,0.9999999999999915,4.254261824849268e-15,4.254261824849268e-15,242
148,332,0.9999999999999869,6.542735343844123e-15,6.542735343844123e-15,262
149,380,3.7954621949358955e-15,3.7954621949358955e-15,0.9999999999999925,201
