,trial,hole1,hole2,hole3,num_cols
0,1,1.4132031138610567e-14,0.5391128212490448,0.4608871787509411,516
1,2,1.8878996707448038e-14,0.47227918576848743,0.5277208142314936,503
2,3,0.4252139760337315,0.5747860239662537,1.4920835361502375e-14,517
3,4,2.4547505818469387e-14,0.06533195177909262,0.9346680482208829,541
4,5,0.019788187997271528,0.6649163047546642,0.3152955072480643,545
5,6,0.4915462079648848,0.5084537920351007,1.4587165427093276e-14,618
6,7,2.6460133104090894e-14,2.6460133104090894e-14,0.999999999999947,545
7,8,0.9270362297753028,0.0019381211921020117,0.07102564903259523,617
8,9,0.9999999999999485,2.5741790256932084e-14,2.5741790256932084e-14,522
9,10,0.20811983625833655,0.34706971960767385,0.4448104441339896,453
10,11,2.5291197784353405e-14,2.5291197784353405e-14,0.9999999999999494,700
11,12,0.9999999999999006,4.965566401738478e-14,4.965566401738478e-14,560
12,13,0.4160311572890125,0.5839688427109697,1.7788285582392446e-14,620
13,14,3.084810753371247e-14,3.084810753371247e-14,0.9999999999999383,584
14,15,0.5364884278284294,0.4635115721715566,1.3900782483726286e-14,360
15,16,0.380064629252802,0.619935370747177,2.101033453849313e-14,630
16,17,0.6484720688423407,0.3515279311576386,2.078979092193109e-14,551
17,18,0.24687046783779623,0.7531295321621735,3.023283609123751e-14,546
18,19,0.5331563875978812,0.4668436124021047,1.3933411770491078e-14,456
19,20,0.9999999999999468,2.6574388882554634e-14,2.6574388882554634e-14,535
20,21,0.16134240748220535,0.8304917137853495,0.008165878732445161,681
21,22,1.5757282884745466e-14,0.6150927339221617,0.3849072660778226,670
22,23,3.8087852141211006e-14,0.0015603165810594444,0.9984396834189024,777
23,24,1.9479146428516897e-14,0.258614837526458,0.7413851624735225,674
24,25,1.3817715924145564e-14,0.5132966322780843,0.486703367721902,711
25,26,1.696410964617649e-14,0.34739189218800864,0.6526081078119744,537
26,27,1.728610075984737e-14,0.32758297531299013,0.6724170246869925,544
27,28,2.684353571840802e-14,0.7100308954956509,0.28996910450432234,460
28,29,0.542600089731626,0.14409489725030697,0.313305013018067,364
29,30,0.30807905922185674,0.6919209407781253,1.795970288123816e-14,604
30,31,0.577871882140446,0.42212811785953425,1.9821753031513322e-14,715
31,32,0.12155722499611547,0.5792019106986925,0.2992408643051921,561
32,33,2.598602858362644e-14,0.999999999999948,2.598602858362644e-14,653
33,34,0.9637729301394999,2.6662503266802178e-14,0.03622706986047339,539
34,35,0.3496575037425174,0.49098058149960744,0.15936191475787523,716
35,36,0.006181343294387082,0.21165757229077395,0.782161084414839,556
36,37,0.4720349728674923,0.5279650271324935,1.4120691222239351e-14,610
37,38,0.0003287945160558536,5.185961853614987e-14,0.9996712054838923,577
38,39,0.43057681268291786,0.45426043323123555,0.11516275408584667,583
39,40,0.9999999999999478,2.6082187615279947e-14,2.6082187615279947e-14,646
40,41,2.5932289435262405e-14,2.5932289435262405e-14,0.9999999999999482,594
41,42,1.6353376927754965e-14,0.4534006424646664,0.5465993575353173,717
42,43,0.8240463374259799,0.04628103454397965,0.1296726280300405,695
43,44,3.2182300199889096e-14,3.2182300199889096e-14,0.9999999999999356,709
44,45,0.9999999999999478,2.6064650148236283e-14,2.6064650148236283e-14,552
45,46,1.4312551602755648e-14,0.4660570456027818,0.5339429543972039,525
46,47,0.02747932456324486,0.33563207335590023,0.6368886020808548,451
47,48,0.4411898254881293,0.10933321383947896,0.4494769606723918,557
48,49,2.825401550380732e-14,2.825401550380732e-14,0.9999999999999435,729
49,50,0.019768918346443082,0.7291008399268147,0.25113024172674214,719
50,51,0.6775950418324166,0.3224049581675597,2.3713998371177926e-14,526
51,52,0.00024367399244576204,2.6451463198897282e-14,0.9997563260075278,695
52,53,0.3094290785186014,0.3418966739893897,0.3486742474920089,637
53,54,2.1646453510388004e-14,0.49058308343920953,0.5094169165607688,672
54,55,2.1284545704317017e-14,0.38484447052381887,0.6151555294761598,666
55,56,6.759724111244296e-05,0.8559783741767312,0.14395402858215636,700
56,57,0.001801951679058685,0.4254458489982577,0.5727521993226836,515
57,58,0.3195129095883501,0.3588095413075903,0.32167754910405966,457
58,59,0.37610231517947657,0.1862262640095236,0.43767142081099986,672
59,60,2.5338977261351865e-14,0.03340994379786598,0.9665900562021087,719
60,61,0.0023239040323952184,2.72892349530576e-14,0.9976760959675776,623
61,62,0.4907429065932386,0.006166044580988438,0.5030910488257729,732
62,63,0.44591084256331515,0.5540891574366666,1.812383610995258e-14,655
63,64,2.1973327196869065e-14,0.6480955810248268,0.35190441897515123,728
64,65,0.9999999999999414,2.932576198854795e-14,2.932576198854795e-14,535
65,66,0.2463167537614635,0.753683246238501,3.546082833021757e-14,666
66,67,0.5589134896690324,0.44108651033095303,1.4597471674771035e-14,528
67,68,0.002334405319557282,0.4782480545731763,0.5194175401072664,529
68,69,0.4618677956337718,0.5381322043662141,1.4065875507942572e-14,563
69,70,0.9593934321334516,0.0006122050600362429,0.039994362806512126,706
70,71,0.06153787046955708,0.9253492384192592,0.013112891111183696,693
71,72,0.999999999999948,2.595185842461993e-14,2.595185842461993e-14,624
72,73,0.0045645811165877966,0.43425864103527856,0.5611767778481336,528
73,74,2.6964104481963956e-14,0.001584882926633222,0.9984151170733397,451
74,75,0.5074470192899497,0.49255298071003567,1.4639358256729184e-14,642
75,76,0.9999999999999378,3.109938230273449e-14,3.109938230273449e-14,474
76,77,1.707311291491992e-14,0.3558281207394114,0.6441718792605714,549
77,78,0.5180684454307034,0.4733627064113827,0.008568848157913651,463
78,79,1.8798784395780876e-14,0.2742018194213512,0.7257981805786301,540
79,80,0.4466193701054364,0.5219654904782616,0.03141513941630199,534
80,81,2.807011487504773e-14,2.807011487504773e-14,0.9999999999999438,559
81,82,1.8239535804019958e-14,0.5569963217249565,0.44300367827502535,617
82,84,0.9999999999999403,2.986485598783453e-14,2.986485598783453e-14,539
83,85,0.5687793651856096,0.4312206348143753,1.5157564745588523e-14,597
84,86,2.8157270779139544e-14,2.8157270779139544e-14,0.9999999999999437,540
85,90,2.5780099875287297e-14,2.5780099875287297e-14,0.9999999999999485,707
86,91,2.0092308552958508e-14,0.6833205759734746,0.31667942402650534,716
87,93,0.01581744768507678,0.9453934097121939,0.03878914260272941,743
88,94,0.372404468553697,0.6129969652582656,0.014598566188037275,675
89,97,0.5277345860341129,0.31037667033215266,0.1618887436337343,506
90,98,2.137729707075029e-14,0.17361950566026838,0.8263804943397103,718
91,99,2.685309417436382e-14,2.685309417436382e-14,0.9999999999999463,554
92,100,0.000308237118681299,4.8904658132042554e-14,0.9996917628812698,626
93,102,0.9964694667025269,3.036888831266392e-14,0.003530533297442754,474
94,103,0.9480698498813592,0.05193015011859503,4.566271965360941e-14,612
95,106,1.5350423496336692e-14,0.4601874530480034,0.5398125469519812,787
96,107,0.5541550274020003,0.3332240383252316,0.11262093427276816,709
97,109,2.5557478299372695e-14,0.07200768343434408,0.9279923165656303,681
98,111,0.9999999999999477,2.6132744751102052e-14,2.6132744751102052e-14,632
99,112,1.8218803841834513e-14,0.28674647051563634,0.7132535294843455,691
100,113,0.47668121337033387,0.5233187866296444,2.1751273309588797e-14,757
101,114,0.9982795602954534,0.0017204397045204026,2.628165503043281e-14,545
102,115,5.310148073924313e-14,5.310148073924313e-14,0.9999999999998938,503
103,118,3.444401693746844e-14,3.444401693746844e-14,0.9999999999999312,737
104,121,0.9999999999999482,2.590114779042726e-14,2.590114779042726e-14,479
105,122,4.096378233914296e-14,4.096378233914296e-14,0.9999999999999181,688
106,123,0.3905353342175585,0.23204682058086287,0.3774178452015786,644
107,126,4.7162641575897215e-14,4.7162641575897215e-14,0.9999999999999056,671
108,127,0.34774794885155186,0.05083683044514746,0.6014152207033006,724
109,129,0.6586822455288212,0.34114526318025196,0.00017249129092683334,538
110,132,0.9599504874813447,0.040049512518630606,2.463594259841616e-14,671
111,133,0.9800133039301728,0.019986696069802145,2.4937327774875102e-14,487
112,139,0.5341331398621328,0.46586686013785306,1.4106765295399514e-14,521
113,140,0.000914568121340395,0.5932807075971369,0.4058047242815227,363
114,142,1.9146992065114776e-14,0.6354991670268401,0.3645008329731408,521
115,143,0.2968280009674036,0.2779702835293781,0.42520171550321834,686
116,144,0.9999999999999463,2.6867846732912015e-14,2.6867846732912015e-14,537
117,145,1.6420277325366256e-14,0.4521131824392829,0.5478868175607007,682
118,148,0.9999999999999487,2.5620517960824606e-14,2.5620517960824606e-14,516
119,149,2.2074157009645485e-14,0.8171283983325346,0.1828716016674434,713
120,154,2.6024934963761362e-14,2.6024934963761362e-14,0.9999999999999479,553
121,156,0.231055312964134,0.304710611753257,0.46423407528260896,492
122,158,2.565834626758689e-14,2.565834626758689e-14,0.9999999999999487,612
123,163,0.9999999999999428,2.8586310961103916e-14,2.8586310961103916e-14,604
124,166,3.214214039737161e-14,3.214214039737161e-14,0.9999999999999357,620
125,170,2.519704522746578e-14,0.0005462983915484551,0.9994537016084264,665
126,173,4.762215333290173e-14,4.762215333290173e-14,0.9999999999999047,755
127,179,0.9721011141835916,0.02789888581638242,2.590972692932626e-14,739
128,183,2.517964789260088e-14,0.04055006298152127,0.9594499370184535,540
129,186,0.999999999999949,2.5452739385135513e-14,2.5452739385135513e-14,501
130,190,2.6215314527162578e-14,0.09915786266342065,0.9008421373365532,733
131,192,0.9910022581718999,0.008997741828074375,2.5679580875768323e-14,548
132,196,2.7674519648071487e-14,2.7674519648071487e-14,0.9999999999999446,534
133,207,0.9999999999999302,3.4919885575731943e-14,3.4919885575731943e-14,515
134,210,0.9885681676106838,0.011431832389289659,2.662136872656433e-14,581
135,214,0.9946759594571196,0.005324040542850953,2.948712104460597e-14,766
136,215,0.99779917954702,0.002200820452954574,2.5325902271306188e-14,624
137,223,0.9451478748809978,0.05485212511897066,3.1495213413513076e-14,694
138,254,0.999999999999946,2.695916530307332e-14,2.695916530307332e-14,582
139,283,0.9999999999999482,2.5915085813653055e-14,2.5915085813653055e-14,717
140,289,0.9999999999999492,2.5444541379784944e-14,2.5444541379784944e-14,463
141,297,0.9953834513806442,0.004616548619330608,2.5127540507326035e-14,671
142,302,0.9999999999999455,2.7278941974335795e-14,2.7278941974335795e-14,727
143,306,3.5483149200237206e-14,3.5483149200237206e-14,0.9999999999999291,699
144,307,0.9999999999999497,2.5142754524179518e-14,2.5142754524179518e-14,624
145,316,2.8104340264422836e-14,2.8104340264422836e-14,0.9999999999999438,615
146,319,0.9999999999999405,2.977795043448924e-14,2.977795043448924e-14,562
147,326,0.9999999999999496,2.522678177608005e-14,2.522678177608005e-14,731
148,332,0.9749382754996623,0.025061724500298987,3.8708817999373037e-14,773
149,380,2.902594409129904e-14,2.902594409129904e-14,0.9999999999999419,592
