,trial,hole1,hole2,hole3,num_cols
0,1,1.4547517079755946e-14,0.4933693478732266,0.5066306521267588,58
1,2,1.9160643529238102e-14,0.5224837935699683,0.4775162064300126,53
2,3,0.42538593338358005,0.574614066616403,1.6922709736840066e-14,59
3,4,2.8199479888874914e-14,2.8199479888874914e-14,0.9999999999999436,60
4,5,2.7799723813517007e-14,0.5425116683967852,0.457488331603187,61
5,6,0.44027282235933995,0.5597271776406428,1.7228863904807166e-14,67
6,7,2.883307723194453e-14,2.883307723194453e-14,0.9999999999999424,60
7,8,0.9229331243492018,0.012273804529624593,0.06479307112117363,68
8,9,0.9999999999999438,2.808152360727808e-14,2.808152360727808e-14,60
9,10,0.2259567490844707,0.36884566287481746,0.4051975880407119,50
10,11,2.798799181871229e-14,2.798799181871229e-14,0.999999999999944,77
11,12,0.9999999999998556,7.223539998822088e-14,7.223539998822088e-14,61
12,13,0.30008316260386053,0.6999168373961181,2.1449703466568525e-14,67
13,14,2.8070149675913444e-14,2.8070149675913444e-14,0.9999999999999438,68
14,15,0.5318221670857883,0.4681778329141967,1.5038977782853716e-14,40
15,16,0.44950189391961193,0.5504981060803682,1.9845630228822115e-14,71
16,17,0.6131946497283246,0.38177167788782085,0.005033672383854569,62
17,18,0.2971811048595156,0.7028188951404528,3.1587138287802395e-14,61
18,19,0.5392078125336255,0.4607921874663591,1.5420032594646215e-14,52
19,20,0.9999999999999443,2.7866701159631908e-14,2.7866701159631908e-14,60
20,21,0.1425777941498822,0.8574222058500931,2.479922781780594e-14,74
21,22,1.6468131343649703e-14,0.5917079628773929,0.4082920371225906,76
22,23,4.0419448663360284e-14,0.004730522601518311,0.9952694773984412,87
23,24,1.994099962955288e-14,0.2996798107772749,0.7003201892227051,77
24,25,1.544440716370513e-14,0.4850926898096165,0.5149073101903681,77
25,26,1.837372363719935e-14,0.3784497840207518,0.6215502159792299,62
26,27,1.814540358737828e-14,0.3605997518285603,0.6394002481714215,60
27,28,2.7171061060619572e-14,0.7102846879221844,0.28971531207778844,53
28,29,0.44773359203174923,0.18680939914328962,0.3654570088249611,41
29,30,0.3932115396422226,0.6067884603577602,1.7188960326389443e-14,64
30,31,0.575934622108672,0.4240653778913083,1.9726331131440108e-14,76
31,32,0.13618079381397713,0.48990002771502195,0.37391917847100076,59
32,33,2.8410783972830302e-14,0.9999999999999432,2.8410783972830302e-14,71
33,34,0.9056060388053603,2.6992668155743215e-14,0.0943939611946128,60
34,35,0.20459122876042635,0.5792236571542178,0.21618511408535587,80
35,36,0.008922110022946456,0.23103715140386283,0.7600407385731908,61
36,37,0.47238793419242653,0.5276120658075575,1.5921092270987118e-14,67
37,38,0.007709139798550936,9.386120505354411e-14,0.9922908602013553,58
38,39,0.35590901155142884,0.4037959686392617,0.2402950198093095,58
39,40,0.9999999999999439,2.8052266134145488e-14,2.8052266134145488e-14,70
40,41,2.8914671013035956e-14,2.8914671013035956e-14,0.9999999999999422,67
41,42,1.551475899801537e-14,0.49405457385363494,0.5059454261463495,80
42,43,0.8059963168763682,0.040361939300675206,0.15364174382295656,79
43,44,3.235055510037202e-14,3.235055510037202e-14,0.9999999999999353,79
44,45,0.9999999999999425,2.8764917460037894e-14,2.8764917460037894e-14,62
45,46,1.655696148846173e-14,0.4362426062395805,0.563757393760403,58
46,47,0.06447953365416714,0.31624795898442176,0.6192725073614113,50
47,48,0.36455071202753514,0.1417037565496815,0.4937455314227833,63
48,49,3.281585233345312e-14,3.281585233345312e-14,0.9999999999999344,83
49,50,0.05944544110324086,0.6460707934773207,0.29448376541943844,80
50,51,0.621338926235593,0.37866107376438035,2.663837463467551e-14,59
51,52,2.8078142240485612e-14,2.8078142240485612e-14,0.9999999999999438,80
52,53,0.26048234630692557,0.36120262405640025,0.3783150296366741,72
53,54,1.7590383375142022e-14,0.37526420462224064,0.6247357953777417,82
54,55,1.963620136917784e-14,0.3938863491053976,0.6061136508945828,78
55,56,0.0018578527382077214,0.8285545897715116,0.1695875574902806,77
56,57,0.011215485801160621,0.418702377109646,0.5700821370891933,56
57,58,0.3076006514791734,0.34947282020336273,0.34292652831746395,51
58,59,0.3756485017570161,0.1868098136773942,0.4375416845655898,74
59,60,2.8194001627088704e-14,0.01736154522949643,0.9826384547704754,80
60,61,3.007533753580128e-14,0.002286566410573077,0.9977134335893969,69
61,62,0.47081525436361565,0.007091986864190274,0.5220927587721941,80
62,63,0.45451276899754395,0.545487231002437,1.911362961936664e-14,74
63,64,2.1935629039325556e-14,0.6225828239409861,0.37741717605899194,80
64,65,0.9999999999999313,3.4352067026274067e-14,3.4352067026274067e-14,59
65,66,0.32349093702258064,0.6765090629773753,4.403032915505984e-14,75
66,67,0.6140597955316055,0.38594020446837674,1.7761224002935495e-14,60
67,68,0.007906596139841633,0.48296557124917905,0.5091278326109794,56
68,69,0.48177334977949104,0.5182266502204934,1.5549751563067285e-14,62
69,70,0.9126494061770226,0.0029574201541606405,0.08439317366881684,76
70,71,0.1279483667994167,0.8705258472353575,0.0015257859652255943,78
71,72,0.9999999999999443,2.7877723057924393e-14,2.7877723057924393e-14,68
72,73,0.00882760299998069,0.4626792421677838,0.5284931548322355,63
73,74,2.903297388642545e-14,0.006250903114365386,0.9937490968856055,50
74,75,0.46565454581079996,0.534345454189184,1.6005556067472546e-14,70
75,76,0.9999999999999422,2.890063846688682e-14,2.890063846688682e-14,51
76,77,2.0717485494403686e-14,0.274036875032466,0.7259631249675133,60
77,78,0.5360801774023664,0.45616874255580925,0.0077510800418243405,52
78,79,1.95090551938889e-14,0.3200034081455368,0.6799965918544436,61
79,80,0.45383263745330044,0.5028690847492053,0.04329827779749422,59
80,81,3.046945612197449e-14,3.046945612197449e-14,0.999999999999939,65
81,82,1.8479705441461336e-14,0.5283005662713324,0.4716994337286491,71
82,84,0.9999999999999383,3.084243187619876e-14,3.084243187619876e-14,62
83,85,0.5430222023650215,0.4569777976349616,1.6938099590819464e-14,64
84,86,3.6088721659747464e-14,3.6088721659747464e-14,0.9999999999999278,60
85,90,2.8222851076474807e-14,2.8222851076474807e-14,0.9999999999999436,81
86,91,1.8608616968160462e-14,0.5484017101320137,0.4515982898679678,77
87,93,2.6085121910888704e-14,0.907481519431968,0.09251848056800585,82
88,94,0.3363569989336531,0.6460402629730759,0.017602738093270922,76
89,97,0.49652393016743657,0.2956295556265348,0.20784651420602876,55
90,98,2.2486038853747164e-14,0.28422226956284974,0.7157777304371278,80
91,99,2.8672080190310513e-14,2.8672080190310513e-14,0.9999999999999426,60
92,100,9.384930875873165e-14,9.384930875873165e-14,0.9999999999998123,67
93,102,0.9824493837659192,3.361413785640919e-14,0.017550616234047214,55
94,103,0.9018327217238258,0.09816727827612368,5.060293481374761e-14,67
95,106,0.0009749711045301291,0.4774317402483081,0.5215932886471618,88
96,107,0.5540218831658229,0.34111761206867147,0.10486050476550558,79
97,109,2.6816932187751748e-14,0.08273196150565507,0.9172680384943183,77
98,111,0.9982997993267287,0.0017002006732425368,2.876950408221961e-14,75
99,112,1.800979686251676e-14,0.36007017423507115,0.6399298257649108,81
100,113,0.45846971980413287,0.5415302801958483,1.8849085692101064e-14,85
101,114,0.9840093997957062,0.015990600204265258,2.861049716347491e-14,62
102,115,5.238284001554607e-14,5.238284001554607e-14,0.9999999999998952,56
103,118,7.10159807321878e-14,7.10159807321878e-14,0.999999999999858,79
104,121,0.9999999999999437,2.8146809324844002e-14,2.8146809324844002e-14,54
105,122,7.035759304282341e-14,7.035759304282341e-14,0.9999999999998593,81
106,123,0.3358933407356151,0.2733170690623052,0.39078959020207965,69
107,126,3.483829427164965e-14,3.483829427164965e-14,0.9999999999999303,83
108,127,0.40758360430063834,0.07977058674105822,0.5126458089583035,80
109,129,0.6376217001311728,0.35586360655444976,0.0065146933143773655,59
110,132,0.972546175097742,0.027453824902230663,2.7258120426791048e-14,76
111,133,0.9999999999999435,2.8237046437837363e-14,2.8237046437837363e-14,51
112,139,0.5245562929681394,0.4754437070318457,1.4956734159001748e-14,57
113,140,0.007492212155361842,0.5759232772750176,0.41658451056962054,40
114,142,2.0108035319961787e-14,0.6238751986158902,0.3761248013840897,56
115,143,0.27964215666184056,0.3310895188526283,0.3892683244855311,73
116,144,0.9999999999999418,2.906906970984448e-14,2.906906970984448e-14,60
117,145,1.6816380376169995e-14,0.5317204480783063,0.4682795519216769,77
118,148,0.9999999999999434,2.8293782212698445e-14,2.8293782212698445e-14,58
119,149,2.2787243426149162e-14,0.8125476089305061,0.18745239106947106,80
120,154,2.83740164285529e-14,2.83740164285529e-14,0.9999999999999433,59
121,156,0.1945280541242655,0.3529926094436623,0.4524793364320722,56
122,158,2.7849316010749517e-14,2.7849316010749517e-14,0.9999999999999443,68
123,163,0.9999999999999364,3.17932646679085e-14,3.17932646679085e-14,67
124,166,4.052558483966757e-14,4.052558483966757e-14,0.999999999999919,68
125,170,2.7965004485679884e-14,2.7965004485679884e-14,0.999999999999944,72
126,173,9.192941609785443e-14,9.192941609785443e-14,0.9999999999998161,78
127,179,0.9999999999999419,2.903767525043149e-14,2.903767525043149e-14,80
128,183,2.9256489165752406e-14,2.9256489165752406e-14,0.9999999999999415,60
129,186,0.9999999999999435,2.82329957715725e-14,2.82329957715725e-14,58
130,190,2.569291408706329e-14,0.10796822252638134,0.892031777473593,82
131,192,0.9767742603465462,0.02322573965342558,2.8094268703564233e-14,62
132,196,3.115468822137787e-14,3.115468822137787e-14,0.9999999999999377,58
133,207,0.9999999999999203,3.9858825282227084e-14,3.9858825282227084e-14,57
134,210,0.9804587293288234,0.019541270671148577,2.8009827919332013e-14,66
135,214,0.9947279606988146,0.005272039301149767,3.5583687579946774e-14,84
136,215,0.9999999999999435,2.8245488549113954e-14,2.8245488549113954e-14,68
137,223,0.9373813172830378,0.0626186827169235,3.875986476346698e-14,78
138,254,0.9999999999999402,2.992033775163614e-14,2.992033775163614e-14,63
139,283,0.9999999999999432,2.84420873634571e-14,2.84420873634571e-14,80
140,289,0.999999999999944,2.7966139107009165e-14,2.7966139107009165e-14,52
141,297,0.9999999999999439,2.801223958577145e-14,2.801223958577145e-14,74
142,302,0.9999999999999323,3.388807280292823e-14,3.388807280292823e-14,81
143,306,4.6145162940512325e-14,4.6145162940512325e-14,0.9999999999999077,76
144,307,0.9999999999999442,2.7940003864454304e-14,2.7940003864454304e-14,69
145,316,3.2384460726767425e-14,0.002181051203111129,0.9978189487968564,70
146,319,0.9999999999999215,3.924550743567038e-14,3.924550743567038e-14,61
147,326,0.9999999999999442,2.792910822546803e-14,2.792910822546803e-14,79
148,332,0.9664413963167542,0.033558603683211764,3.398638359380334e-14,85
149,380,3.1098923839509366e-14,3.1098923839509366e-14,0.9999999999999378,67
