,trial,hole1,hole2,hole3,num_cols
0,1,1.0355394157502774e-14,0.5655906868458317,0.43440931315415804,235
1,2,1.4211037088408074e-14,0.3638534211487773,0.6361465788512085,218
2,3,0.38661706204396823,0.6133829379560205,1.1270914373116419e-14,230
3,4,1.6576601181245283e-14,0.1110938585418242,0.8889061414581592,241
4,5,2.859522681523246e-14,0.8472463850093793,0.15275361499059198,246
5,6,0.5121033408757577,0.48789665912423175,1.0585097966430264e-14,274
6,7,1.7713226582508086e-14,1.7713226582508086e-14,0.9999999999999646,241
7,8,0.9836694283231512,1.9353584924717463e-14,0.01633057167682946,275
8,9,0.9999999999999654,1.7319873632993325e-14,1.7319873632993325e-14,231
9,10,0.19766208908534144,0.29966852106268,0.5026693898519785,202
10,11,1.7064327821926946e-14,1.7064327821926946e-14,0.9999999999999659,309
11,12,0.9999999999999475,2.6252497822333028e-14,2.6252497822333028e-14,264
12,13,0.35995102574962545,0.6400489742503602,1.4362320968519045e-14,279
13,14,2.033352336554835e-14,2.033352336554835e-14,0.9999999999999594,262
14,15,0.5931232102901298,0.40687678970985947,1.0764289874775378e-14,160
15,16,0.3174426678455657,0.682557332154416,1.82351466494825e-14,292
16,17,0.7875462560900324,0.21245374390994481,2.281292704026204e-14,245
17,18,0.09445378701055156,0.9055462129894195,2.8952581927614604e-14,245
18,19,0.5499493224231815,0.4500506775768083,1.0159004037865187e-14,205
19,20,0.9999999999999647,1.763688010878231e-14,1.763688010878231e-14,238
20,21,0.05825796474306205,0.9417420352569208,1.7156127033075486e-14,322
21,22,1.1700583579555235e-14,0.6830656214746448,0.31693437852534356,298
22,23,2.997706114463789e-14,2.997706114463789e-14,0.99999999999994,342
23,24,1.6296630933437796e-14,0.09932137821038461,0.9006786217895991,302
24,25,9.524832924252196e-15,0.532708883337983,0.46729111666200746,317
25,26,1.1713262401799544e-14,0.3375496780722978,0.6624503219276905,238
26,27,1.487750067065494e-14,0.16299002262669934,0.8370099773732859,244
27,28,2.454966009396772e-14,0.9148815450105231,0.08511845498945228,208
28,29,0.7199079035242066,0.046083220884316656,0.2340088755914766,162
29,30,0.23646644067320205,0.7635335593267842,1.3866574631198494e-14,272
30,31,0.6992985893541501,0.30070141064583034,1.955205461052943e-14,314
31,32,0.177392307387152,0.48939040843191745,0.33321728418093044,240
32,33,1.822410186407967e-14,0.9999999999999636,1.822410186407967e-14,291
33,34,0.9989785139912489,2.16846351114403e-14,0.001021486008729362,237
34,35,0.46186559343189004,0.49693634351688276,0.04119806305122714,320
35,36,1.642245571015201e-14,0.0504876077214928,0.9495123922784907,251
36,37,0.4125268450383377,0.5874731549616509,1.1563598295122938e-14,265
37,38,2.6484429129888367e-14,2.6484429129888367e-14,0.999999999999947,275
38,39,0.43316060561151853,0.44872200790256905,0.11811738648591244,256
39,40,0.9999999999999643,1.7852669516617762e-14,1.7852669516617762e-14,286
40,41,1.810918863125002e-14,1.810918863125002e-14,0.9999999999999638,264
41,42,1.2130255148001046e-14,0.40904603635874515,0.5909539636412426,319
42,43,0.8602673948033591,1.9237670826447046e-14,0.1397326051966216,308
43,44,3.008146033216129e-14,3.008146033216129e-14,0.9999999999999398,310
44,45,0.9999999999999638,1.8084718903823716e-14,1.8084718903823716e-14,243
45,46,1.1061170951180166e-14,0.4466630133022435,0.5533369866977454,233
46,47,0.00037518275944178686,0.2598561977545052,0.739768619486053,200
47,48,0.4483431248141999,0.032009259505351946,0.5196476156804483,255
48,49,2.084821503683471e-14,2.084821503683471e-14,0.9999999999999583,327
49,50,0.13277645279591155,0.7520607919242178,0.11516275527987059,320
50,51,0.8481822290392633,0.15181777096071125,2.5430818077851815e-14,235
51,52,1.8967137128193363e-14,1.8967137128193363e-14,0.999999999999962,310
52,53,0.3665076822331791,0.2839266057433684,0.34956571202345244,281
53,54,1.1942989098584191e-14,0.512098636344292,0.48790136365569614,313
54,55,1.528536872547109e-14,0.39716111122386133,0.6028388887761233,295
55,56,3.027616562085366e-14,0.975922457331075,0.024077542668894825,312
56,57,1.125056348924094e-14,0.3841549832834301,0.6158450167165586,225
57,58,0.31127936476023305,0.3740280591637371,0.31469257607602974,204
58,59,0.3448900662313781,0.11494883124423037,0.5401611025243915,297
59,60,1.88894044577107e-14,0.00670704775045466,0.9932929522495265,323
60,61,2.0308824607911922e-14,2.0308824607911922e-14,0.9999999999999594,281
61,62,0.4978537662346331,1.1982190428273573e-14,0.5021462337653548,315
62,63,0.36449405495586334,0.6355059450441196,1.707215153838491e-14,287
63,64,2.1442861545814104e-14,0.7113537675512065,0.2886462324487721,328
64,65,0.9999999999999561,2.1912882989952708e-14,2.1912882989952708e-14,238
65,66,0.0428790318398684,0.9571209681600966,3.489077258899233e-14,295
66,67,0.6373755812674495,0.36262441873253903,1.14316797534638e-14,242
67,68,1.0816908319064082e-14,0.4842081957523054,0.5157918042476838,233
68,69,0.4342625321236358,0.5657374678763538,1.0355582531515297e-14,248
69,70,0.992199754233288,2.921958995206229e-14,0.0078002457666827485,319
70,71,0.021887981983349857,0.9781120180166323,1.7811019171395268e-14,306
71,72,0.9999999999999665,1.6751896851931834e-14,1.6751896851931834e-14,278
72,73,1.0966085536475386e-14,0.40110274887191205,0.598897251128077,230
73,74,1.905694833395265e-14,1.905694833395265e-14,0.9999999999999619,200
74,75,0.5097653956223286,0.4902346043776602,1.1244719098015695e-14,282
75,76,0.9999999999999508,2.4594686597528885e-14,2.4594686597528885e-14,206
76,77,1.359221468971017e-14,0.29459135622217153,0.7054086437778149,240
77,78,0.5496805557344988,0.45015689236750706,0.00016255189799415073,206
78,79,1.401226336431569e-14,0.23082966917775916,0.7691703308222269,243
79,80,0.4033733024357437,0.5310536182147966,0.0655730793494596,234
80,81,2.142603155850339e-14,2.142603155850339e-14,0.9999999999999571,246
81,82,1.34917944149072e-14,0.6482365730713903,0.35176342692859613,284
82,84,0.9999999999999581,2.0952556675674476e-14,2.0952556675674476e-14,244
83,85,0.6413048539865033,0.3586951460134859,1.0881643253827221e-14,268
84,86,2.129386953444272e-14,2.129386953444272e-14,0.9999999999999574,240
85,90,1.731948929169336e-14,1.731948929169336e-14,0.9999999999999654,310
86,91,1.554187794380516e-14,0.6730620967362927,0.3269379032636918,316
87,93,1.8227332519266895e-14,0.9995494363885562,0.00045056361142562987,336
88,94,0.3594793611504791,0.6386454523665187,0.0018751864830021268,301
89,97,0.6763476920246948,0.2178940214603611,0.10575828651494418,228
90,98,1.4317459389098276e-14,0.205915659896177,0.7940843401038087,319
91,99,1.8368222330445537e-14,1.8368222330445537e-14,0.9999999999999633,251
92,100,3.246240071559571e-14,3.246240071559571e-14,0.999999999999935,286
93,102,0.999999999999952,2.3986125406905686e-14,2.3986125406905686e-14,209
94,103,0.9999999999999489,2.5556784962054426e-14,2.5556784962054426e-14,281
95,106,1.1979652596932922e-14,0.45383111960320316,0.5461688803967848,345
96,107,0.6751716978838496,0.27498847064988347,0.04983983146626702,315
97,109,2.044466547712253e-14,0.010047987391729995,0.9899520126082495,307
98,111,0.999999999999963,1.84810148161254e-14,1.84810148161254e-14,282
99,112,1.1614230455028292e-14,0.33620576802430835,0.6637942319756801,308
100,113,0.40751781096614165,0.5924821890338416,1.6758177900082517e-14,334
101,114,0.9999999999999624,1.8808518815783708e-14,1.8808518815783708e-14,248
102,115,7.480066077988498e-14,7.480066077988498e-14,0.9999999999998505,224
103,118,2.1808156488942645e-14,2.1808156488942645e-14,0.9999999999999564,336
104,121,0.9999999999999654,1.729745936868636e-14,1.729745936868636e-14,212
105,122,3.3003358802451716e-14,3.3003358802451716e-14,0.9999999999999339,306
106,123,0.4481604259871693,0.14169095877829352,0.41014861523453716,281
107,126,3.553735925421934e-14,3.553735925421934e-14,0.999999999999929,295
108,127,0.3202678416179311,0.0007433623468531073,0.6789887960352158,318
109,129,0.8350492972228194,0.16495070277715013,3.042113396477997e-14,235
110,132,0.9953772248924523,0.004622775107530813,1.6999134263681013e-14,298
111,133,0.9893529996285761,0.01064700037140674,1.718540022321924e-14,219
112,139,0.5512248483862975,0.4487751516136922,1.0272743417006393e-14,233
113,140,1.2985533463277414e-14,0.7223441041043881,0.27765589589559897,161
114,142,1.756451243839052e-14,0.7040466402324896,0.2959533597674927,233
115,143,0.2004755132497361,0.3075088027078599,0.4920156840424039,309
116,144,0.9999999999999599,2.0039553408640246e-14,2.0039553408640246e-14,239
117,145,1.0514395690630647e-14,0.4755119099673657,0.5244880900326238,313
118,148,0.9999999999999649,1.7563295012525183e-14,1.7563295012525183e-14,229
119,149,1.840990156255792e-14,0.9546167996298528,0.045383200370128864,318
120,154,1.8230870744509643e-14,1.8230870744509643e-14,0.9999999999999636,242
121,156,0.2140219892575492,0.23991637626215762,0.5460616344802932,221
122,158,1.7232574934985864e-14,1.7232574934985864e-14,0.9999999999999656,269
123,163,0.9999999999999548,2.257904267750504e-14,2.257904267750504e-14,265
124,166,2.281987834422582e-14,2.281987834422582e-14,0.9999999999999544,272
125,170,1.6916321432759568e-14,1.6916321432759568e-14,0.9999999999999661,298
126,173,3.461304785463362e-14,3.461304785463362e-14,0.9999999999999307,330
127,179,0.9991408537503201,0.0008591462496601603,1.9612803831073507e-14,329
128,183,1.7661149892327455e-14,0.017782717157041047,0.9822172828429414,240
129,186,0.9999999999999655,1.7290639580966856e-14,1.7290639580966856e-14,224
130,190,1.8895139044128098e-14,0.044241560432644024,0.9557584395673371,328
131,192,0.9992105811297365,0.0007894188702451532,1.824552794943793e-14,241
132,196,1.9408028554630266e-14,1.9408028554630266e-14,0.9999999999999611,238
133,207,0.9999999999999463,2.6888539224419304e-14,2.6888539224419304e-14,225
134,210,0.9999999999999618,1.9093552530275694e-14,1.9093552530275694e-14,254
135,214,0.9999999999999603,1.986095146048913e-14,1.986095146048913e-14,345
136,215,0.9999999999999656,1.7233736792736553e-14,1.7233736792736553e-14,277
137,223,0.9934788362748107,0.006521163725165727,2.3580409299181192e-14,310
138,254,0.99999999999996,1.9995845416670054e-14,1.9995845416670054e-14,253
139,283,0.9997255506685352,0.00027444933144694586,1.7790418957375535e-14,317
140,289,0.9999999999999644,1.7817392132999506e-14,1.7817392132999506e-14,207
141,297,0.9999999999999661,1.6946851407905657e-14,1.6946851407905657e-14,302
142,302,0.999999999999961,1.947085217263912e-14,1.947085217263912e-14,321
143,306,2.7352267495222738e-14,2.7352267495222738e-14,0.9999999999999453,308
144,307,0.9999999999999662,1.6868085367867255e-14,1.6868085367867255e-14,276
145,316,1.9924829654699322e-14,1.9924829654699322e-14,0.9999999999999601,280
146,319,0.9999999999999544,2.2832751727306205e-14,2.2832751727306205e-14,244
147,326,0.9999999999999658,1.711943476937454e-14,1.711943476937454e-14,325
148,332,0.9996070647614982,0.0003929352384785547,2.3227185687906593e-14,345
149,380,1.986400707833996e-14,1.986400707833996e-14,0.9999999999999603,264
