,trial,hole1,hole2,hole3,num_cols
0,1,1.293293562833257e-14,0.5458209893173238,0.4541790106826633,513
1,2,1.7248506132265405e-14,0.41999879265951995,0.5800012073404628,494
2,3,0.4151987602465267,0.5848012397534593,1.3867499411886823e-14,529
3,4,2.2027597888364588e-14,0.06031117336639067,0.9396888266335874,539
4,5,0.016308185739480396,0.7040091261329977,0.27968268812752184,553
5,6,0.4838821027956956,0.5161178972042914,1.3051339435631903e-14,619
6,7,2.3165955657986158e-14,2.3165955657986158e-14,0.9999999999999537,542
7,8,0.9324288802729828,0.010606220441037477,0.05696489928597978,617
8,9,0.9999999999999545,2.274569730761817e-14,2.274569730761817e-14,523
9,10,0.22756783526793653,0.3220132293660726,0.45041893536599076,451
10,11,2.3316115471287534e-14,2.3316115471287534e-14,0.9999999999999534,692
11,12,0.9999999999999284,3.581219038666188e-14,3.581219038666188e-14,577
12,13,0.39483130035650643,0.6051686996434772,1.6412635839803174e-14,623
13,14,2.6221586555744887e-14,2.6221586555744887e-14,0.9999999999999476,588
14,15,0.5443557384721133,0.4556442615278738,1.2942892465188426e-14,360
15,16,0.36882564065009593,0.6311743593498848,1.930208046270503e-14,638
16,17,0.6603290022293736,0.33967099777060433,2.2046772423388914e-14,549
17,18,0.19833989082694234,0.8016601091730263,3.1368494807198825e-14,547
18,19,0.5490580723941967,0.4509419276057904,1.2911820650724188e-14,461
19,20,0.9999999999999554,2.230955259492446e-14,2.230955259492446e-14,538
20,21,0.16015437193833354,0.8398456280616464,1.995248600846109e-14,682
21,22,1.4460544292736827e-14,0.6112758019410438,0.38872419805894176,668
22,23,3.9613932865775916e-14,3.9613932865775916e-14,0.9999999999999207,770
23,24,1.8608312629250448e-14,0.21059929804522773,0.7894007019547536,679
24,25,1.228268626292202e-14,0.5368285702994586,0.4631714297005292,710
25,26,1.6165301562698957e-14,0.3172450495992752,0.6827549504007087,535
26,27,1.6768445861613053e-14,0.29224166025169024,0.707758339748293,543
27,28,2.5441667836350107e-14,0.7776097315571285,0.22239026844284604,462
28,29,0.5583093722862584,0.1439758968979279,0.2977147308158135,366
29,30,0.30940202737677375,0.6905979726232102,1.6024049656917826e-14,601
30,31,0.626538502804696,0.3734614971952845,1.9486858360545174e-14,703
31,32,0.12184493396578328,0.5643002964318576,0.31385476960235903,558
32,33,2.3424987664809332e-14,0.9999999999999531,2.3424987664809332e-14,660
33,34,0.9810318855216217,2.6528436794110944e-14,0.018968114478351887,532
34,35,0.3693092736750683,0.5057694516469188,0.12492127467801305,710
35,36,0.0015981187940047653,0.17802873594274038,0.8203731452632549,569
36,37,0.5046705399368142,0.49532946006317313,1.2722949814241969e-14,618
37,38,4.01346610288365e-14,4.01346610288365e-14,0.9999999999999197,591
38,39,0.41236160818524653,0.44925902841508525,0.1383793633996684,578
39,40,0.9999999999999537,2.3150170176373495e-14,2.3150170176373495e-14,646
40,41,2.330125429444727e-14,2.330125429444727e-14,0.9999999999999534,598
41,42,1.5337501143709637e-14,0.43251010899783243,0.5674898910021522,717
42,43,0.8370638178595585,0.013641891619434316,0.1492942905210072,687
43,44,3.03536349672933e-14,3.03536349672933e-14,0.9999999999999393,706
44,45,0.9990705782629633,0.0009294217370134983,2.3287399041089053e-14,555
45,46,1.3219315584127514e-14,0.45883222737505336,0.5411677726249334,527
46,47,0.013606070415352523,0.30319821548032105,0.6831957141043264,450
47,48,0.44371041982116494,0.08286554161264062,0.47342403856619447,557
48,49,2.5581124348444244e-14,2.5581124348444244e-14,0.9999999999999488,729
49,50,0.04930381287439511,0.7502891992325582,0.20040698789304665,718
50,51,0.7086032257369894,0.2913967742629862,2.4478346237995774e-14,524
51,52,2.3626513676774842e-14,2.3626513676774842e-14,0.9999999999999527,709
52,53,0.3156539648890648,0.3369569035196852,0.34738913159124996,635
53,54,1.834868136663827e-14,0.45565614263173665,0.5443438573682449,671
54,55,1.7742115129585452e-14,0.4195143189830387,0.5804856810169434,672
55,56,3.1345677984182495e-14,0.8922013386389571,0.10779866136101156,697
56,57,0.0006872186711725554,0.40641301465291296,0.5928997666759146,508
57,58,0.31636604674668306,0.3637850739577888,0.3198488792955281,461
58,59,0.38643573344388976,0.16470398461235003,0.44886028194376026,665
59,60,2.268890573388754e-14,0.04440211337364087,0.9555978866263365,730
60,61,0.0003372112529766655,2.5341250066518056e-14,0.999662788746998,625
61,62,0.489817046209776,0.006115064092511671,0.5040678896977123,727
62,63,0.4470174461090415,0.5529825538909419,1.664873480820738e-14,654
63,64,2.2923154042600475e-14,0.6719442843792872,0.3280557156206899,738
64,65,0.9999999999999465,2.674330194366446e-14,2.674330194366446e-14,535
65,66,0.1822431628568498,0.817756837143114,3.617189134564915e-14,664
66,67,0.5759222662254863,0.4240777337745005,1.3274761499353219e-14,525
67,68,0.0002878397600672521,0.48596591373289083,0.5137462465070418,513
68,69,0.44453966333720674,0.5554603366627804,1.2954913761488666e-14,565
69,70,0.9775463431993651,0.005083810259027141,0.017369846541607836,718
70,71,0.0338007591806259,0.93012818816703,0.036071052652344095,696
71,72,0.9999999999999544,2.284102306437451e-14,2.284102306437451e-14,650
72,73,0.0013343684380856748,0.4234384610049264,0.575227170556988,549
73,74,2.397027786786239e-14,0.010807551977600553,0.9891924480223755,450
74,75,0.5024103388402731,0.49758966115971365,1.3326208677176633e-14,644
75,76,0.9999999999999465,2.675683412818632e-14,2.675683412818632e-14,468
76,77,1.5634184866935844e-14,0.3369567188621762,0.6630432811378082,545
77,78,0.5206048222090796,0.4769133610006705,0.0024818167902497645,470
78,79,1.7054883284606773e-14,0.2664831779676362,0.7335168220323468,539
79,80,0.4477472162860385,0.546963653628206,0.0052891300857555576,539
80,81,2.4921752860448287e-14,2.4921752860448287e-14,0.9999999999999502,581
81,82,1.5791362592741564e-14,0.5823936413819041,0.4176063586180801,634
82,84,0.9999999999999463,2.684836288930157e-14,2.684836288930157e-14,545
83,85,0.5693086766677221,0.4306913233322635,1.4334652442920716e-14,586
84,86,2.4325708798243376e-14,2.4325708798243376e-14,0.9999999999999514,540
85,90,2.287137045001785e-14,2.287137045001785e-14,0.9999999999999543,694
86,91,1.8260795323423588e-14,0.6746734297629388,0.3253265702370429,717
87,93,0.0051126285678802464,0.9810915211274861,0.013795850304633686,759
88,94,0.358969514619409,0.6300026102486321,0.01102787513195886,672
89,97,0.5403874998653293,0.3059360528700441,0.15367644726462654,506
90,98,1.8813017318448923e-14,0.2052773175895453,0.794722682410436,718
91,99,2.3295582035938902e-14,2.3295582035938902e-14,0.9999999999999534,567
92,100,0.0003507134091298439,5.493619585195996e-14,0.9996492865908153,627
93,102,0.9996311356986524,2.9961397500530396e-14,0.00036886430131765605,476
94,103,0.979650262405734,0.020349737594224707,4.124939800100789e-14,614
95,106,1.43549661799003e-14,0.4453934640038167,0.5546065359961689,779
96,107,0.6004358681822203,0.31615506035612373,0.08340907146165594,706
97,109,2.4975020849959566e-14,0.031166367950566466,0.9688336320494084,686
98,111,0.9999999999999533,2.3373400136845688e-14,2.3373400136845688e-14,639
99,112,1.615456586593368e-14,0.2893122386182114,0.7106877613817724,703
100,113,0.4236843306727528,0.5763156693272276,1.9649338576083905e-14,754
101,114,0.9999999999999538,2.3073572717768896e-14,2.3073572717768896e-14,546
102,115,6.478503327597379e-14,6.478503327597379e-14,0.9999999999998704,499
103,118,3.093349020056819e-14,3.093349020056819e-14,0.9999999999999382,740
104,121,0.9999999999999533,2.336245750165388e-14,2.336245750165388e-14,475
105,122,4.233724353748224e-14,4.233724353748224e-14,0.9999999999999153,701
106,123,0.39559549665010496,0.19378931537179347,0.4106151879781015,639
107,126,4.904493032565555e-14,4.904493032565555e-14,0.9999999999999019,657
108,127,0.33669056137339903,0.029190154750539234,0.6341192838760616,723
109,129,0.7101882979751963,0.28981170202477674,2.6880792567907987e-14,532
110,132,0.9776854135984702,0.02231458640150753,2.23040167013856e-14,680
111,133,0.9784041458601714,0.02159585413980623,2.2289464083423417e-14,477
112,139,0.5460906512716033,0.4539093487283838,1.2893373300337813e-14,522
113,140,1.440345324807887e-14,0.621269754271413,0.37873024572857267,363
114,142,1.8873894110904048e-14,0.6481309773950329,0.3518690226049483,531
115,143,0.24990148986765462,0.3014107189803327,0.44868779115201257,699
116,144,0.9999999999999512,2.442737385288716e-14,2.442737385288716e-14,539
117,145,1.3803955676933666e-14,0.4414757846175182,0.558524215382468,694
118,148,0.9999999999999541,2.2946143659590114e-14,2.2946143659590114e-14,508
119,149,2.2294727947337993e-14,0.8597143510149915,0.14028564898498622,721
120,154,2.363325380517021e-14,2.363325380517021e-14,0.9999999999999527,532
121,156,0.27166391819646707,0.2896324749816091,0.4387036068219239,484
122,158,2.3078724147267186e-14,2.3078724147267186e-14,0.9999999999999538,607
123,163,0.9999999999999458,2.7066368513255778e-14,2.7066368513255778e-14,593
124,166,3.951111373318169e-14,3.951111373318169e-14,0.999999999999921,611
125,170,2.296577338705784e-14,2.296577338705784e-14,0.999999999999954,661
126,173,6.014379860312773e-14,6.014379860312773e-14,0.9999999999998798,728
127,179,0.9514482105141873,0.04855178948578969,2.304071701706991e-14,744
128,183,0.005071923964758013,0.021848831102259002,0.9730792449329829,540
129,186,0.9999999999999546,2.2720806505770745e-14,2.2720806505770745e-14,506
130,190,2.4641278884801386e-14,0.04776032790952451,0.9522396720904509,730
131,192,0.9923520453539955,0.007647954645981453,2.3140834062075535e-14,545
132,196,2.5135087564862853e-14,2.5135087564862853e-14,0.9999999999999497,531
133,207,0.9998341611069708,0.00016583889299809842,3.105526021127248e-14,516
134,210,0.9918853236595319,0.008114676340443588,2.459644589667609e-14,576
135,214,0.9999999999999449,2.752995227820847e-14,2.752995227820847e-14,769
136,215,0.9999999999999534,2.3292493163315983e-14,2.3292493163315983e-14,616
137,223,0.9634683728406043,0.03653162715936614,2.9648786547637044e-14,699
138,254,0.9999999999999519,2.4025348211162433e-14,2.4025348211162433e-14,576
139,283,0.9999999999999531,2.3434755811862578e-14,2.3434755811862578e-14,716
140,289,0.9999999999999543,2.2886814422132357e-14,2.2886814422132357e-14,459
141,297,0.9996911202831854,0.0003088797167919652,2.2580952390600576e-14,673
142,302,0.9999999999999504,2.4802743109261748e-14,2.4802743109261748e-14,725
143,306,0.0005791710630390471,3.423959655322559e-14,0.9994208289369267,703
144,307,0.9999999999999553,2.238400367576053e-14,2.238400367576053e-14,619
145,316,2.5658796644850924e-14,2.5658796644850924e-14,0.9999999999999487,628
146,319,0.9999999999999473,2.6342410162619504e-14,2.6342410162619504e-14,566
147,326,0.999999999999955,2.2490529986259652e-14,2.2490529986259652e-14,737
148,332,0.9834727237229045,0.016527276277063036,3.2369126795054585e-14,776
149,380,2.4873955527619573e-14,2.4873955527619573e-14,0.9999999999999503,600
