,trial,hole1,hole2,hole3,num_cols
0,1,8.267945267845745e-15,0.623857220960647,0.3761427790393447,459
1,2,1.2573379798088775e-14,0.18334814395383858,0.8166518560461488,438
2,3,0.3414467881476542,0.6585532118523367,9.051639592547019e-15,467
3,4,1.2621811808729366e-14,0.014167551136712442,0.9858324488632749,482
4,5,0.010208517321115686,0.9625876248751947,0.027203857803689745,484
5,6,0.44974985987549937,0.5502501401244908,9.8713722236288e-15,553
6,7,1.2789931807157139e-14,1.2789931807157139e-14,0.9999999999999745,482
7,8,0.9976813857180189,1.5387000462278895e-14,0.002318614281965737,551
8,9,0.9999999999999761,1.1942260380905274e-14,1.1942260380905274e-14,468
9,10,0.150027841817866,0.177588761174819,0.6723833970073151,401
10,11,1.1771891355761405e-14,1.1771891355761405e-14,0.9999999999999765,625
11,12,0.9999999999999603,1.9883234579030425e-14,1.9883234579030425e-14,518
12,13,0.4310273879527357,0.5689726120472527,1.1640923236189582e-14,541
13,14,1.4950235483362394e-14,1.4950235483362394e-14,0.9999999999999701,517
14,15,0.586227911474693,0.4137720885252991,7.86748526801401e-15,320
15,16,0.15017719246582345,0.8498228075341534,2.3200249617339113e-14,568
16,17,0.9050498204834296,0.09495017951654595,2.4388364786395357e-14,488
17,18,0.0018379171283336958,0.9981620828716327,3.3574042274635866e-14,489
18,19,0.5963099401526466,0.40369005984734574,7.745702354926988e-15,407
19,20,0.9999999999999767,1.1665896638399904e-14,1.1665896638399904e-14,474
20,21,0.08913206045006562,0.9105348558539336,0.0003330836960007702,618
21,22,7.727050307940118e-15,0.6847294848123411,0.3152705151876512,589
22,23,1.9220189549727803e-14,1.9220189549727803e-14,0.9999999999999616,687
23,24,1.291853926436376e-14,0.007343391387383263,0.9926566086126039,595
24,25,7.43559607502411e-15,0.5322537654125299,0.4677462345874627,625
25,26,1.0621984626227306e-14,0.18800117551223303,0.8119988244877564,476
26,27,1.3149652018061123e-14,0.04474072215550229,0.9552592778444846,482
27,28,2.6103164044930335e-14,0.9903736843340601,0.009626315665913732,415
28,29,0.9213265989093272,0.0013212189696813006,0.07735218212099138,324
29,30,0.29768224097263823,0.7023177590273523,9.597607841712274e-15,533
30,31,0.8506872884461838,0.14931271155379447,2.17664441686193e-14,628
31,32,0.1465816190685223,0.5855288271569493,0.26788955377452844,497
32,33,1.2970624747125798e-14,0.999999999999974,1.2970624747125798e-14,572
33,34,0.9999999999999694,1.534764614797246e-14,1.534764614797246e-14,480
34,35,0.5414115679751597,0.4579138483720817,0.0006745836527585568,638
35,36,1.126972062104777e-14,0.005039306556885788,0.9949606934431029,502
36,37,0.4678875623074,0.5321124376925923,7.846874015755433e-15,542
37,38,2.5955097437630495e-14,2.5955097437630495e-14,0.999999999999948,497
38,39,0.4061423533956042,0.49209261427374656,0.10176503233064908,537
39,40,0.9999999999999746,1.2707946964984049e-14,1.2707946964984049e-14,581
40,41,1.4006451809390505e-14,1.4006451809390505e-14,0.999999999999972,532
41,42,9.704705794991928e-15,0.34925166215626846,0.6507483378437218,637
42,43,0.8826433819023808,1.760904859875856e-14,0.11735661809760164,615
43,44,1.7070350637014102e-14,1.7070350637014102e-14,0.9999999999999658,643
44,45,0.9999999999999731,1.3436355154819773e-14,1.3436355154819773e-14,494
45,46,8.732463063692586e-15,0.4372136903394128,0.5627863096605784,466
46,47,1.9970776528705135e-14,0.15430412267251767,0.8456958773274624,400
47,48,0.46364590904958713,0.0020251770528909026,0.5343289138975219,506
48,49,1.6582341513432116e-14,1.6582341513432116e-14,0.9999999999999668,643
49,50,0.05386035219942308,0.9010300824413867,0.04510956535919017,638
50,51,0.960905882557636,0.039094117442336956,2.7051850640424234e-14,479
51,52,1.2106176301223912e-14,1.2106176301223912e-14,0.9999999999999758,627
52,53,0.33619647693489774,0.3091843540195576,0.35461916904554464,565
53,54,9.40481368273927e-15,0.5585333812501128,0.44146661874987786,615
54,55,1.2577713378338485e-14,0.4199349470455857,0.5800650529544016,595
55,56,4.3956956727363715e-14,0.9999999999999121,4.3956956727363715e-14,617
56,57,9.103006985025852e-15,0.3170150814135924,0.6829849185863984,457
57,58,0.3247118993581363,0.3986744534014287,0.27661364724043497,410
58,59,0.4168796312039339,0.017052319417206863,0.5660680493788592,584
59,60,1.3352411836591e-14,1.3352411836591e-14,0.9999999999999732,642
60,61,1.7081678069669468e-14,1.7081678069669468e-14,0.9999999999999658,561
61,62,0.46898097145251394,9.268373958157157e-15,0.5310190285474768,648
62,63,0.24714708909280445,0.7528529109071791,1.640699066413524e-14,578
63,64,2.032350338543561e-14,0.81829158848303,0.18170841151694977,657
64,65,0.9999999999999639,1.8030982074124053e-14,1.8030982074124053e-14,473
65,66,0.03531525939899231,0.9646847406009732,3.4508647761403623e-14,586
66,67,0.6537562693304019,0.3462437306695892,8.92755609900054e-15,485
67,68,9.351928453917118e-15,0.49288205998312495,0.5071179400168657,461
68,69,0.41865569659952057,0.5733758455729469,0.00796845782753272,504
69,70,0.9999999999999637,1.81794057376996e-14,1.81794057376996e-14,628
70,71,1.3414483855062001e-14,0.9230643431880821,0.0769356568119046,617
71,72,0.9999999999999767,1.1650459113768965e-14,1.1650459113768965e-14,559
72,73,8.522717819542801e-15,0.3495936401404192,0.6504063598595722,474
73,74,1.4432641169706065e-14,0.007246586558369378,0.9927534134416162,400
74,75,0.5020619709437902,0.49793802905620105,8.68172194448676e-15,577
75,76,0.9999999999999718,1.4126204781485752e-14,1.4126204781485752e-14,431
76,77,8.532601709591545e-15,0.38835567809984667,0.6116443219001447,483
77,78,0.5376589753962516,0.4623410246037405,7.829155358047735e-15,414
78,79,1.0572504539724503e-14,0.2013157455197507,0.7986842544802388,481
79,80,0.3825234461613501,0.5827624419966784,0.03471411184197145,472
80,81,1.758397384471307e-14,1.758397384471307e-14,0.9999999999999648,507
81,82,1.1239917971594405e-14,0.8182830933251531,0.18171690667483562,563
82,84,0.9999999999999636,1.8197028876295688e-14,1.8197028876295688e-14,483
83,85,0.6748457922364481,0.32515420776354337,8.46635010424464e-15,531
84,86,1.7136782320906362e-14,1.7136782320906362e-14,0.9999999999999657,480
85,90,1.2519590201754078e-14,1.2519590201754078e-14,0.9999999999999749,623
86,91,1.6103712789875992e-14,0.8044457976327973,0.19555420236718654,639
87,93,0.001601051135039821,0.9903090968759861,0.008089851988973915,646
88,94,0.3268736481466852,0.6731263518533062,8.636255297027173e-15,610
89,97,0.8292554323274465,0.06656201843568696,0.10418254923686653,442
90,98,1.0023569234591294e-14,0.22499792504371163,0.7750020749562784,638
91,99,1.3787594960760244e-14,1.3787594960760244e-14,0.9999999999999725,519
92,100,2.4673337541640606e-14,2.4673337541640606e-14,0.9999999999999507,560
93,102,0.9999999999999555,2.2277537726784313e-14,2.2277537726784313e-14,420
94,103,0.9999999999999591,2.0443957164124518e-14,2.0443957164124518e-14,554
95,106,8.566712364348913e-15,0.4369540314805364,0.563045968519455,690
96,107,0.7822114960014271,0.14085623959462767,0.07693226440394511,630
97,109,1.645388268310288e-14,1.645388268310288e-14,0.9999999999999671,605
98,111,0.9999999999999744,1.2827781254803066e-14,1.2827781254803066e-14,558
99,112,9.079860653094748e-15,0.26705531673148875,0.7329446832685022,624
100,113,0.2952548948850936,0.7047451051148937,1.2662646300921287e-14,672
101,114,0.9999999999999737,1.313984939649495e-14,1.313984939649495e-14,491
102,115,6.176830330825518e-14,6.176830330825518e-14,0.9999999999998764,451
103,118,1.8107348179651285e-14,1.8107348179651285e-14,0.9999999999999638,654
104,121,0.9999999999999756,1.2192185996909464e-14,1.2192185996909464e-14,424
105,122,2.790451741261245e-14,2.790451741261245e-14,0.9999999999999442,623
106,123,0.5161265874526895,0.03919605847541822,0.44467735407189235,567
107,126,2.0167237115306965e-14,2.0167237115306965e-14,0.9999999999999597,604
108,127,0.2503319262137067,1.1735813435026224e-14,0.7496680737862815,641
109,129,0.977954727044864,0.02204527295510084,3.527299882179432e-14,475
110,132,0.9999999999999762,1.1898831211205696e-14,1.1898831211205696e-14,611
111,133,0.9941284545315966,0.005871545468391362,1.19161528510997e-14,438
112,139,0.5886212618552576,0.4113787381447343,8.037103362323209e-15,469
113,140,9.670206902438753e-15,0.6933957827065147,0.30660421729347564,324
114,142,1.834776354198681e-14,0.7700850519664908,0.22991494803349086,461
115,143,0.21449269002286425,0.22655644393603006,0.5589508660411057,608
116,144,0.9999999999999714,1.4323209059067527e-14,1.4323209059067527e-14,477
117,145,7.547820314755449e-15,0.47521310757259494,0.5247868924273975,626
118,148,0.9999999999999749,1.254434629753924e-14,1.254434629753924e-14,453
119,149,1.4321090687991317e-14,0.9965421409875816,0.0034578590124040463,637
120,154,1.3341973504497895e-14,1.3341973504497895e-14,0.9999999999999734,471
121,156,0.273339094286016,0.09701091651852763,0.6296499891954564,433
122,158,1.1779869599647248e-14,1.1779869599647248e-14,0.9999999999999765,539
123,163,0.9999999999999645,1.7757807566448675e-14,1.7757807566448675e-14,547
124,166,1.967857970118668e-14,1.967857970118668e-14,0.9999999999999607,539
125,170,1.1472630865766954e-14,1.1472630865766954e-14,0.999999999999977,589
126,173,2.458467061980421e-14,2.458467061980421e-14,0.9999999999999508,669
127,179,0.9985545438361197,0.001445456163865135,1.5027655158138502e-14,654
128,183,0.001439046404325194,0.015616601751820454,0.9829443518438544,481
129,186,0.9999999999999758,1.2123928676305103e-14,1.2123928676305103e-14,448
130,190,1.3536043287393936e-14,0.00826519477930036,0.9917348052206861,658
131,192,0.9999999999999708,1.4574558858344737e-14,1.4574558858344737e-14,487
132,196,1.5154038184080837e-14,1.5154038184080837e-14,0.9999999999999697,474
133,207,0.9999999999999702,1.4864370069692994e-14,1.4864370069692994e-14,460
134,210,0.9999999999999726,1.3705824325040868e-14,1.3705824325040868e-14,516
135,214,0.9999999999999685,1.578862046143394e-14,1.578862046143394e-14,678
136,215,0.9999999999999756,1.222079356636807e-14,1.222079356636807e-14,547
137,223,0.9959487160870356,0.00405128391294617,1.824005897867727e-14,616
138,254,0.999999999999969,1.5513549197280948e-14,1.5513549197280948e-14,524
139,283,0.9999999999999738,1.3085762979285652e-14,1.3085762979285652e-14,638
140,289,0.9923357919268848,0.007664208073103779,1.1429621531064406e-14,419
141,297,0.9999999999999769,1.1528224634700876e-14,1.1528224634700876e-14,602
142,302,0.9999999999999686,1.5726251640185208e-14,1.5726251640185208e-14,645
143,306,1.5973526763440736e-14,1.5973526763440736e-14,0.999999999999968,625
144,307,0.9999999999999772,1.1397467436177215e-14,1.1397467436177215e-14,555
145,316,1.6040088917270813e-14,1.6040088917270813e-14,0.9999999999999679,562
146,319,0.999999999999957,2.1476353001424712e-14,2.1476353001424712e-14,501
147,326,0.9999999999999768,1.1618826313793801e-14,1.1618826313793801e-14,652
148,332,0.9999999999999568,2.1582364938956067e-14,2.1582364938956067e-14,680
149,380,1.3616209267384485e-14,1.3616209267384485e-14,0.9999999999999728,527
