,trial,hole1,hole2,hole3,num_cols
0,1,1.1967097890244396e-14,0.5746347950461692,0.4253652049538187,457
1,2,1.607864255529276e-14,0.4077714328539677,0.5922285671460162,448
2,3,0.4080964421257865,0.5919035578742012,1.228274901281011e-14,463
3,4,1.989702382183274e-14,0.05345376092496162,0.9465462390750186,481
4,5,0.010177617880690638,0.7966978199553071,0.19312456216400245,485
5,6,0.4765436433872326,0.5234563566127545,1.2853510294929506e-14,548
6,7,2.048098095887041e-14,2.048098095887041e-14,0.999999999999959,479
7,8,0.9875480806240196,2.2085717296617442e-14,0.012451919375958296,555
8,9,0.9999999999999601,1.9928752213824495e-14,1.9928752213824495e-14,464
9,10,0.2203331434806777,0.3127656438206774,0.46690121269864493,400
10,11,2.0302618118025366e-14,2.0302618118025366e-14,0.9999999999999594,624
11,12,0.9999999999999245,3.7769424302824386e-14,3.7769424302824386e-14,498
12,13,0.37915985756709775,0.6208401424328873,1.4937926737981224e-14,546
13,14,2.377215755740388e-14,2.377215755740388e-14,0.9999999999999525,523
14,15,0.545131468429783,0.45486853157020574,1.1264825251478781e-14,320
15,16,0.3412996635498399,0.6587003364501397,2.0419707266168863e-14,575
16,17,0.7055136016319722,0.2944863983680064,2.1402435803880236e-14,490
17,18,0.10891409557756891,0.8910859044224037,2.7447472808314392e-14,489
18,19,0.5255158479254173,0.4744841520745718,1.0949265249735727e-14,408
19,20,0.9999999999999599,2.0039941159209196e-14,2.0039941159209196e-14,477
20,21,0.10610512791937687,0.8924526288569667,0.0014422432236564058,610
21,22,1.2267373571432308e-14,0.6175285079484547,0.38247149205153297,589
22,23,3.1872539442457274e-14,3.1872539442457274e-14,0.9999999999999363,689
23,24,1.7714872502087204e-14,0.14666609031889735,0.8533339096810849,605
24,25,1.1284734140899625e-14,0.5249167844405969,0.47508321555939187,620
25,26,1.4657974014612203e-14,0.2878222119928476,0.7121777880071378,474
26,27,1.601934525822631e-14,0.22054367411684428,0.7794563258831397,487
27,28,2.6582797068357432e-14,0.8407964713243424,0.15920352867563098,422
28,29,0.6209796957548624,0.07904596348587337,0.29997434075926416,325
29,30,0.26190860697294577,0.738091393027039,1.526725924892805e-14,552
30,31,0.6460299782424824,0.35397002175749864,1.903459024970157e-14,625
31,32,0.14559162282787527,0.5222448595089407,0.332163517663184,486
32,33,2.066757895862663e-14,0.9999999999999587,2.066757895862663e-14,594
33,34,0.9889873463856899,2.340751405724203e-14,0.01101265361428668,478
34,35,0.3448431712836967,0.5787960004299874,0.07636082828631605,631
35,36,0.0010911360424407828,0.11185785180867312,0.8870510121488862,507
36,37,0.4818540043180235,0.5181459956819651,1.1492618800035166e-14,546
37,38,3.3441277401922534e-14,3.3441277401922534e-14,0.9999999999999332,539
38,39,0.39246101103936487,0.4345878215855394,0.17295116737509575,490
39,40,0.9999999999999595,2.0279849031367715e-14,2.0279849031367715e-14,580
40,41,7.415086981319585e-05,2.092257668106033e-14,0.9999258491301658,530
41,42,1.5070346781416292e-14,0.4572491562124798,0.5427508437875053,637
42,43,0.8233141545287544,0.007819663234437809,0.1688661822368077,614
43,44,2.566923669299042e-14,2.566923669299042e-14,0.9999999999999487,632
44,45,0.999999999999959,2.048507390044955e-14,2.048507390044955e-14,501
45,46,1.2090090855197768e-14,0.4587751819491972,0.5412248180507906,468
46,47,0.0019552869731592573,0.2841551135361702,0.7138895994906705,400
47,48,0.4696252494164446,0.05137837868080163,0.47899637190275385,500
48,49,2.372125932749216e-14,2.372125932749216e-14,0.9999999999999526,644
49,50,0.03933936557083876,0.7933753114245669,0.16728532300459428,639
50,51,0.7931313760774539,0.20686862392252178,2.441550811423128e-14,469
51,52,2.0273845793861495e-14,2.0273845793861495e-14,0.9999999999999595,635
52,53,0.3023163527129652,0.3238994786659821,0.3737841686210527,561
53,54,1.5496797486537324e-14,0.45354466517746755,0.546455334822517,608
54,55,1.607093676694369e-14,0.45286657373759986,0.547133426262384,602
55,56,3.456198205932172e-14,0.9400130711547018,0.05998692884526367,619
56,57,1.2705045006219092e-14,0.3919869160714544,0.6080130839285329,444
57,58,0.3252579188778898,0.3738375089234124,0.3009045721986978,410
58,59,0.3836654470014708,0.12268471897375721,0.4936498340247719,587
59,60,2.0958047957079095e-14,0.014361535108874016,0.9856384648911051,640
60,61,0.00015778983008546646,2.337029402761323e-14,0.9998422101698912,558
61,62,0.49992279087922525,1.2534647078421773e-14,0.5000772091207623,647
62,63,0.39616844661993905,0.6038315533800442,1.6728807277990603e-14,574
63,64,2.338989993488465e-14,0.6895762077502646,0.31042379224971184,650
64,65,0.9999999999999534,2.3288693634497016e-14,2.3288693634497016e-14,477
65,66,0.13290347860397503,0.8670965213959858,3.914263976716822e-14,588
66,67,0.5657920047137185,0.43420799528626985,1.1704184893033917e-14,468
67,68,1.2034826458738216e-14,0.489771433349801,0.510228566650187,455
68,69,0.4557387442053631,0.5442612557946256,1.1302781024632699e-14,501
69,70,0.9857596348077986,0.0011505665363101577,0.013089798655891362,625
70,71,0.026560960409617928,0.9163931097473105,0.05704592984307164,610
71,72,0.9999999999999589,2.055681073960805e-14,2.055681073960805e-14,571
72,73,1.2171903191667784e-14,0.41254875759109966,0.587451242408888,480
73,74,2.1105811908035654e-14,0.012144216738611088,0.9878557832613679,401
74,75,0.53944209089612,0.4605579091038675,1.2371299185251295e-14,568
75,76,0.9999999999999484,2.57871140846489e-14,2.57871140846489e-14,421
76,77,1.3675490323311612e-14,0.34950431838391705,0.6504956816160693,485
77,78,0.5205039573674578,0.4782577854711201,0.0012382571614221358,415
78,79,1.5330488251260153e-14,0.2626581325485889,0.7373418674513958,481
79,80,0.43254617779854443,0.549024394939548,0.018429427261907626,477
80,81,2.349990588444923e-14,2.349990588444923e-14,0.999999999999953,497
81,82,1.5152720867579438e-14,0.6378323237800154,0.3621676762199695,558
82,84,0.9999999999999498,2.5098600043052114e-14,2.5098600043052114e-14,481
83,85,0.593775088440249,0.40622491155973783,1.3086212267845392e-14,522
84,86,2.2289298306908755e-14,2.2289298306908755e-14,0.9999999999999554,480
85,90,2.016002574782429e-14,2.016002574782429e-14,0.9999999999999597,627
86,91,1.8377988947347077e-14,0.7064855894434797,0.2935144105565019,631
87,93,0.01865140926790115,0.9683239864031656,0.01302460432893319,658
88,94,0.39678576063632154,0.6010900479120809,0.002124191451597404,596
89,97,0.5993677941526633,0.22834577432307862,0.17228643152425804,443
90,98,1.5957756568754064e-14,0.24884280787963656,0.7511571921203475,637
91,99,2.1491033299103076e-14,2.1491033299103076e-14,0.999999999999957,488
92,100,4.276281718659155e-14,4.276281718659155e-14,0.9999999999999145,542
93,102,0.9999999999999484,2.581088992908269e-14,2.581088992908269e-14,419
94,103,0.9998951499916218,0.00010485000833763465,4.059573979387422e-14,542
95,106,1.2352631809484497e-14,0.43072362329679426,0.5692763767031933,694
96,107,0.6076504045637946,0.2863688476881927,0.1059807477480126,624
97,109,2.346507917511322e-14,0.014229146330306041,0.9857708536696705,610
98,111,0.9999999999999586,2.0690939957172103e-14,2.0690939957172103e-14,567
99,112,1.3658345220778249e-14,0.3196994645045471,0.6803005354954391,639
100,113,0.4469020754939434,0.5530979245060388,1.777372742003087e-14,675
101,114,0.9999999999999588,2.0585659219894103e-14,2.0585659219894103e-14,502
102,115,4.781691808775832e-14,4.781691808775832e-14,0.9999999999999044,456
103,118,2.9053895204960584e-14,2.9053895204960584e-14,0.9999999999999419,664
104,121,0.9999999999999587,2.0649295249651154e-14,2.0649295249651154e-14,426
105,122,3.617913743364128e-14,3.617913743364128e-14,0.9999999999999276,617
106,123,0.4239186732922539,0.16137375293512166,0.4147075737726244,563
107,126,3.6485658379010314e-14,3.6485658379010314e-14,0.9999999999999271,601
108,127,0.336473616246377,0.010408283762372184,0.6531180999912507,639
109,129,0.7918207135538388,0.20817928644613537,2.5857774725770356e-14,474
110,132,0.9979616737048406,0.002038326295139573,1.978458297794661e-14,612
111,133,0.9625880175579353,0.03741198244204536,1.9349727546645815e-14,428
112,139,0.5311754184289843,0.46882458157100454,1.1258564893489754e-14,468
113,140,1.3717242611256897e-14,0.661326560303606,0.3386734396963803,321
114,142,1.8462879100583325e-14,0.679070233282799,0.3209297667171826,473
115,143,0.22786038878539597,0.2752935569914177,0.4968460542231863,616
116,144,0.9999999999999561,2.1922238637924145e-14,2.1922238637924145e-14,479
117,145,1.2544425666433124e-14,0.43257019284122733,0.5674298071587601,611
118,148,0.9999999999999594,2.0336592264690977e-14,2.0336592264690977e-14,459
119,149,2.053656777440033e-14,0.9234566831231996,0.07654331687677987,634
120,154,2.0508019572959274e-14,2.0508019572959274e-14,0.999999999999959,478
121,156,0.2097610474252812,0.28606496286025074,0.5041739897144681,443
122,158,1.9780994391549958e-14,1.9780994391549958e-14,0.9999999999999605,542
123,163,0.9999999999999496,2.5213705682183386e-14,2.5213705682183386e-14,535
124,166,2.8573826918904004e-14,2.8573826918904004e-14,0.9999999999999428,546
125,170,1.992951242320608e-14,1.992951242320608e-14,0.9999999999999601,596
126,173,3.653270772241509e-14,3.653270772241509e-14,0.999999999999927,666
127,179,0.9864689453656047,0.01353105463437353,2.178366126577748e-14,655
128,183,0.005712689224823519,0.023895482744434416,0.9703918280307421,480
129,186,0.9999999999999601,1.9920379887422812e-14,1.9920379887422812e-14,452
130,190,2.2722980141831858e-14,0.05759291618903566,0.9424070838109416,655
131,192,0.9947486633358662,0.005251336664112519,2.1203036123643243e-14,489
132,196,2.2075792287507112e-14,2.2075792287507112e-14,0.9999999999999558,472
133,207,0.9999999999999396,3.0203414608437603e-14,3.0203414608437603e-14,452
134,210,0.9969001350662015,0.0030998649337760638,2.245376563352734e-14,508
135,214,0.999999999999952,2.400564912947558e-14,2.400564912947558e-14,682
136,215,0.9999999999999599,2.003034302626552e-14,2.003034302626552e-14,553
137,223,0.9774122378303921,0.02258776216958193,2.5905052596477374e-14,610
138,254,0.9999999999999541,2.2906249279481173e-14,2.2906249279481173e-14,505
139,283,0.9999999999999584,2.083047659397371e-14,2.083047659397371e-14,640
140,289,0.9999999999999597,2.0139530627185263e-14,2.0139530627185263e-14,409
141,297,0.9999999999999605,1.9736279071433315e-14,1.9736279071433315e-14,598
142,302,0.9999999999999569,2.15584033619996e-14,2.15584033619996e-14,639
143,306,3.166654209745989e-14,3.166654209745989e-14,0.9999999999999367,618
144,307,0.9999999999999607,1.966402591890267e-14,1.966402591890267e-14,556
145,316,2.3120413117555255e-14,2.3120413117555255e-14,0.9999999999999537,552
146,319,0.9999999999999492,2.5418695710761784e-14,2.5418695710761784e-14,501
147,326,0.9999999999999605,1.975080383572608e-14,1.975080383572608e-14,643
148,332,0.995282118799134,0.004717881200838132,2.7956224600094953e-14,693
149,380,2.3084554872923143e-14,2.3084554872923143e-14,0.9999999999999538,531
