,trial,hole1,hole2,hole3,num_cols
0,1,6.958795195927203e-15,0.6237704465135764,0.37622955348641685,512
1,2,1.2118162878558968e-14,0.1276252831653382,0.8723747168346496,501
2,3,0.25568515546940834,0.7443148445305837,7.976385656552374e-15,521
3,4,0.011888946670865763,0.01610101194482165,0.9720100413843127,542
4,5,0.014345615679701893,0.9843589285558293,0.0012954557644687982,559
5,6,0.4752174056475416,0.5247825943524489,9.515107501757816e-15,618
6,7,1.1126326700143334e-14,1.1126326700143334e-14,0.9999999999999778,540
7,8,0.9999999999999747,1.2662835464991562e-14,1.2662835464991562e-14,619
8,9,0.9999999999999803,9.805129731357446e-15,9.805129731357446e-15,519
9,10,0.13448340650873689,0.2302295600473135,0.6352870334439497,451
10,11,9.213868053004151e-15,9.213868053004151e-15,0.9999999999999816,701
11,12,0.9999999999999651,1.7426357933080498e-14,1.7426357933080498e-14,559
12,13,0.40138750037273263,0.5986124996272549,1.247038230329981e-14,619
13,14,9.926200106068225e-15,9.926200106068225e-15,0.9999999999999801,598
14,15,0.6291986873132192,0.3708013126867739,7.071843493714105e-15,360
15,16,0.06311755511367573,0.9368824448863053,1.89081897864957e-14,627
16,17,0.9703252575223783,0.029674742477601844,1.988452874354866e-14,556
17,18,2.7251220318481126e-14,0.9999999999999455,2.7251220318481126e-14,556
18,19,0.6009287128033248,0.3990712871966687,6.578574690476425e-15,461
19,20,0.999999999999982,8.98682436881944e-15,8.98682436881944e-15,533
20,21,0.0657419112472963,0.9342580887526937,9.996879368431997e-15,704
21,22,6.251013139088015e-15,0.7102050964445833,0.28979490355541043,666
22,23,1.8361691245457108e-14,1.8361691245457108e-14,0.9999999999999633,766
23,24,1.1139632154715887e-14,0.0044869795734847695,0.995513020426504,688
24,25,6.472097688902758e-15,0.5488918947966224,0.4511081052033711,705
25,26,9.3406715647628e-15,0.22122274825674684,0.7787772517432439,531
26,27,1.0945698716261007e-14,0.011514602669380184,0.9884853973306089,545
27,28,2.0035205703175788e-14,0.9991907321105453,0.0008092678894345327,467
28,29,0.9623096787265618,3.90616499989323e-14,0.03769032127339916,364
29,30,0.2671529227301559,0.7328470772698361,8.06878790481247e-15,608
30,31,0.9290700215441616,0.07092997845581822,2.014800537427024e-14,710
31,32,0.13375862297981697,0.558959383835993,0.3072819931841901,549
32,33,1.1807006081425047e-14,0.9999999999999764,1.1807006081425047e-14,657
33,34,0.9999999999999734,1.3339177757923762e-14,1.3339177757923762e-14,538
34,35,0.8232671892386546,0.17673281076127326,7.215553141172708e-14,717
35,36,8.702679775068312e-15,0.0003512631457224773,0.9996487368542689,563
36,37,0.5075101453613512,0.49248985463864214,6.6646247615587155e-15,610
37,38,1.6908722404525708e-14,1.6908722404525708e-14,0.9999999999999661,596
38,39,0.37933922094056005,0.5116857280550146,0.10897505100442526,609
39,40,0.9999999999999772,1.1372221107920019e-14,1.1372221107920019e-14,640
40,41,1.0816785994460732e-14,1.0816785994460732e-14,0.9999999999999784,603
41,42,8.196750341713742e-15,0.32588083500538295,0.6741191649946089,716
42,43,0.9580132941409972,1.5321754073732892e-14,0.04198670585898744,693
43,44,1.55198099445252e-14,1.55198099445252e-14,0.9999999999999689,710
44,45,0.9999999999999785,1.0754973108939096e-14,1.0754973108939096e-14,555
45,46,8.630558025228273e-15,0.38815888516704317,0.6118411148329482,519
46,47,2.0693898489615413e-14,0.07045119872207216,0.9295488012779071,450
47,48,0.44869633061294134,1.0064870899327784e-14,0.5513036693870486,558
48,49,1.7574290533014938e-14,1.7574290533014938e-14,0.9999999999999648,723
49,50,0.07859301197562056,0.902491919828221,0.018915068196158555,718
50,51,0.9980000414464559,0.0019999585535128827,3.1199761490642845e-14,530
51,52,9.652668076322197e-15,9.652668076322197e-15,0.9999999999999807,712
52,53,0.3278194505162109,0.3106494878395105,0.36153106164427845,633
53,54,7.745828913262435e-15,0.4287170824210719,0.5712829175789204,678
54,55,1.123311048272103e-14,0.41379817930509466,0.586201820694894,669
55,56,4.292678444147556e-14,0.9999999999999142,4.292678444147556e-14,699
56,57,8.288858143137543e-15,0.25919516676014,0.7408048332398517,514
57,58,0.33073117350207404,0.4327928036071837,0.23647602289074224,461
58,59,0.41824302885273545,0.009943077314812355,0.5718138938324523,652
59,60,1.2099417635185551e-14,1.2099417635185551e-14,0.9999999999999758,717
60,61,1.561036923427072e-14,1.561036923427072e-14,0.9999999999999688,629
61,62,0.42228795566216887,0.006076113479987869,0.5716359308578433,731
62,63,0.10190334696892935,0.8980966530310515,1.9114777657545745e-14,650
63,64,2.229064899425753e-14,0.9095456140648882,0.09045438593508952,734
64,65,0.9999999999999674,1.6305200099767802e-14,1.6305200099767802e-14,537
65,66,0.008200643647691724,0.9917993563522441,6.417483670550445e-14,660
66,67,0.6786475485986627,0.32135245140132956,7.702702704437846e-15,533
67,68,7.840983316587131e-15,0.5351425921095171,0.4648574078904751,520
68,69,0.37816405187075003,0.6218359481292433,6.725513030940901e-15,580
69,70,0.9999999999999691,1.5448817808447528e-14,1.5448817808447528e-14,713
70,71,0.0022541485787757783,0.9673755717060812,0.03037027971514296,693
71,72,0.9999999999999818,9.112175696323236e-15,9.112175696323236e-15,633
72,73,6.85059201570524e-15,0.3332084532425787,0.6667915467574145,541
73,74,1.2550174569631754e-14,0.003709336750615052,0.9962906632493723,452
74,75,0.5449790751777814,0.4550209248222095,9.001268661651599e-15,649
75,76,0.9999999999999734,1.3300064847824743e-14,1.3300064847824743e-14,468
76,77,7.49498090321391e-15,0.38291069484493445,0.6170893051550581,546
77,78,0.5511790333396632,0.44882096666032995,6.8203515526156334e-15,463
78,79,9.212044081609408e-15,0.1435205093009641,0.8564794906990267,538
79,80,0.37327638349315534,0.6092246199741875,0.017498996532657178,533
80,81,1.533296099612689e-14,1.533296099612689e-14,0.9999999999999694,582
81,82,1.0730663772049108e-14,0.9432649357478289,0.05673506425216033,625
82,84,0.9999999999999658,1.7110929842695104e-14,1.7110929842695104e-14,545
83,85,0.6961617389086692,0.303838261091324,6.8712717082679595e-15,592
84,86,1.448116434603917e-14,1.448116434603917e-14,0.999999999999971,541
85,90,9.46932646447163e-15,9.46932646447163e-15,0.999999999999981,704
86,91,1.5883133885786385e-14,0.820039203482995,0.17996079651698912,712
87,93,1.0870786065290825e-14,0.9753684961161653,0.02463150388382384,735
88,94,0.3268647357655092,0.6731352642344839,6.980813718551206e-15,676
89,97,0.9457278278525909,0.026284200742750636,0.02798797140465857,515
90,98,8.381811722866877e-15,0.199987620284377,0.8000123797156147,718
91,99,1.1416835183651483e-14,1.1416835183651483e-14,0.9999999999999771,572
92,100,1.925611651206946e-14,1.925611651206946e-14,0.9999999999999615,625
93,102,0.9999999999999677,1.616059794343849e-14,1.616059794343849e-14,473
94,103,0.9999999999999586,2.0725941289216624e-14,2.0725941289216624e-14,618
95,106,7.052639455029611e-15,0.43740727545450314,0.5625927245454898,785
96,107,0.8724276477183389,0.068922272523769,0.05865007975789215,707
97,109,1.5658443018085024e-14,1.5658443018085024e-14,0.9999999999999687,679
98,111,0.9999999999999775,1.1296225470078838e-14,1.1296225470078838e-14,634
99,112,7.746176354145239e-15,0.22214536534134796,0.7778546346586444,695
100,113,0.18540093459736848,0.8145990654026214,1.001533148421681e-14,767
101,114,0.999999999999977,1.1504752648261388e-14,1.1504752648261388e-14,546
102,115,6.923478440207218e-14,6.923478440207218e-14,0.9999999999998616,512
103,118,1.4292012719713652e-14,1.4292012719713652e-14,0.9999999999999715,746
104,121,0.9999999999999815,9.264135001139918e-15,9.264135001139918e-15,486
105,122,1.5963201719543597e-14,1.5963201719543597e-14,0.999999999999968,712
106,123,0.44690443130097707,0.008522261318698716,0.5445733073803243,638
107,126,1.5573082017447982e-14,1.5573082017447982e-14,0.9999999999999688,678
108,127,0.3449814723451759,8.45612294076636e-15,0.6550185276548156,719
109,129,0.9787713646228217,0.0014782037564549512,0.019750431620723315,533
110,132,0.9999999999999811,9.446595970693028e-15,9.446595970693028e-15,688
111,133,0.999940839049784,5.91609502062443e-05,9.670292789053893e-15,491
112,139,0.6056394446830102,0.3943605553169828,7.067494958932924e-15,525
113,140,7.934360454152477e-15,0.731064107794698,0.268935892205294,362
114,142,1.706566029635526e-14,0.8406566048623682,0.15934339513761472,525
115,143,0.1476229668080166,0.24939742223065864,0.6029796109613247,681
116,144,0.9999999999999728,1.3603336268152228e-14,1.3603336268152228e-14,542
117,145,7.135001263210254e-15,0.4437661139799936,0.5562338860199992,698
118,148,0.9999999999999795,1.029642624882322e-14,1.029642624882322e-14,525
119,149,1.0788793106250902e-14,0.9999999999999785,1.0788793106250902e-14,715
120,154,1.0861525106490508e-14,1.0861525106490508e-14,0.9999999999999782,543
121,156,0.17358043160187026,0.034394659502643046,0.7920249088954867,481
122,158,8.781101455489409e-15,8.781101455489409e-15,0.9999999999999825,605
123,163,0.9999999999999654,1.733691703251808e-14,1.733691703251808e-14,606
124,166,1.3167916477644766e-14,1.3167916477644766e-14,0.9999999999999737,615
125,170,8.823972132388035e-15,8.823972132388035e-15,0.9999999999999823,676
126,173,1.9211666623041407e-14,1.9211666623041407e-14,0.9999999999999616,752
127,179,0.9930973142423317,0.006902685757654698,1.3529724956902447e-14,730
128,183,1.08775153979728e-14,0.007025585354755936,0.9929744146452333,540
129,186,0.999999999999981,9.51451775694023e-15,9.51451775694023e-15,506
130,190,1.2959353247623399e-14,0.0009866328767292856,0.9990133671232577,734
131,192,0.999999999999978,1.1010416100315492e-14,1.1010416100315492e-14,549
132,196,1.5614253332155832e-14,1.5614253332155832e-14,0.9999999999999688,523
133,207,0.999999999999974,1.3009743540693552e-14,1.3009743540693552e-14,510
134,210,0.9999999999999756,1.2213631155017394e-14,1.2213631155017394e-14,572
135,214,0.9999999999999774,1.1339935462043528e-14,1.1339935462043528e-14,770
136,215,0.9999999999999812,9.406786161426018e-15,9.406786161426018e-15,617
137,223,0.988357989014806,0.011642010985177205,1.6870294671820912e-14,696
138,254,0.9999999999999752,1.2367718885712968e-14,1.2367718885712968e-14,578
139,283,0.9999999999999785,1.0753192460393644e-14,1.0753192460393644e-14,719
140,289,0.9999999999999818,9.08785104602906e-15,9.08785104602906e-15,462
141,297,0.999999999999982,8.985682784817996e-15,8.985682784817996e-15,671
142,302,0.9999999999999731,1.3452921182037711e-14,1.3452921182037711e-14,725
143,306,1.237584696870667e-14,1.237584696870667e-14,0.9999999999999752,700
144,307,0.9999999999999826,8.701397098272902e-15,8.701397098272902e-15,625
145,316,1.5995060623254888e-14,1.5995060623254888e-14,0.999999999999968,624
146,319,0.9999999999999643,1.7876899060277217e-14,1.7876899060277217e-14,563
147,326,0.9999999999999819,9.064103312604889e-15,9.064103312604889e-15,735
148,332,0.9999999999999744,1.2808555898192471e-14,1.2808555898192471e-14,784
149,380,9.033736723856878e-15,9.033736723856878e-15,0.9999999999999819,602
