,trial,hole1,hole2,hole3,num_cols
0,1,1.0446025201713357e-14,0.562566504619979,0.4374334953800105,345
1,2,1.4843629560219063e-14,0.3347826680568428,0.6652173319431424,327
2,3,0.3938270603278115,0.6061729396721776,1.103647409598496e-14,345
3,4,1.70396307267342e-14,0.061768959460016426,0.9382310405399665,359
4,5,0.01474393670133054,0.8495458293901801,0.13571023390848944,368
5,6,0.4854781403145726,0.5145218596854158,1.1661062722758518e-14,413
6,7,1.746698659659042e-14,1.746698659659042e-14,0.999999999999965,363
7,8,0.9863313036052048,1.9304823061168416e-14,0.01366869639477586,413
8,9,0.9999999999999651,1.7405332505902105e-14,1.7405332505902105e-14,349
9,10,0.22060634552076566,0.28642099284936995,0.4929726616298645,303
10,11,1.7079012591225765e-14,1.7079012591225765e-14,0.9999999999999658,464
11,12,0.9999999999999265,3.6750991829689657e-14,3.6750991829689657e-14,377
12,13,0.36735623106434956,0.6326437689356363,1.4166608907738698e-14,413
13,14,1.978749281259827e-14,1.978749281259827e-14,0.9999999999999605,397
14,15,0.5504292124477267,0.44957078755226343,9.85557262703823e-15,240
15,16,0.27467550523692447,0.7253244947630526,2.3007610022745298e-14,419
16,17,0.7935960045334598,0.20640399546651977,2.0489738862009998e-14,364
17,18,0.08779224461109132,0.9122077553888785,3.012456718340983e-14,367
18,19,0.5622117027433337,0.43778829725665636,1.0096463734110183e-14,309
19,20,0.9999999999999654,1.733909634022418e-14,1.733909634022418e-14,355
20,21,0.11711556081387035,0.8828844391861135,1.6206635462816275e-14,462
21,22,1.096232576838814e-14,0.6520902848562774,0.3479097151437116,442
22,23,3.124488683354955e-14,3.124488683354955e-14,0.9999999999999375,513
23,24,1.649565247663862e-14,0.08753772516682438,0.9124622748331591,456
24,25,9.95716924048586e-15,0.5343002212190973,0.46569977878089286,476
25,26,1.3281581490566832e-14,0.2626537284967164,0.7373462715032704,356
26,27,1.4958100349070128e-14,0.18933405228796887,0.8106659477120162,361
27,28,2.6780802098471814e-14,0.9017067896310803,0.09829321036889298,310
28,29,0.7433488912048977,0.051085590300465736,0.2055655184946366,240
29,30,0.2645419946209339,0.7354580053790528,1.318336328972753e-14,410
30,31,0.6885633284691073,0.31143667153087345,1.932124005379715e-14,465
31,32,0.1259926561729092,0.5769958870091229,0.297011456817968,374
32,33,1.807672457274162e-14,0.9999999999999638,1.807672457274162e-14,438
33,34,0.9964320264248482,2.3675993037941226e-14,0.0035679735751281,349
34,35,0.30668524047570234,0.6328334204557646,0.06048133906853312,480
35,36,1.57556655735257e-14,0.067382119433334,0.9326178805666503,368
36,37,0.47539962374139083,0.5246003762585981,1.0984793087687329e-14,404
37,38,2.9912562351333853e-14,2.9912562351333853e-14,0.9999999999999402,389
38,39,0.4046030714999276,0.4580466789657537,0.13735024953431865,395
39,40,0.9999999999999631,1.8431532357116444e-14,1.8431532357116444e-14,437
40,41,1.8194784415264063e-14,1.8194784415264063e-14,0.9999999999999636,394
41,42,1.2642246822691235e-14,0.38321136483580076,0.6167886351641866,477
42,43,0.9382373216100725,1.957199218271072e-14,0.06176267838990803,460
43,44,2.3908231063463998e-14,2.3908231063463998e-14,0.9999999999999521,478
44,45,0.9999999999999646,1.7732389130090676e-14,1.7732389130090676e-14,372
45,46,1.1056592468890707e-14,0.4332998020070512,0.5667001979929377,349
46,47,0.0005461655436318498,0.21540889050671364,0.7840449439496545,300
47,48,0.48306084709525116,0.029396312828936483,0.4875428400758122,373
48,49,2.187839949431892e-14,2.187839949431892e-14,0.9999999999999563,488
49,50,0.08717117767196118,0.8089716819994154,0.1038571403286235,479
50,51,0.8555547326150246,0.144445267384948,2.7293038756703175e-14,354
51,52,1.9355799786135058e-14,1.9355799786135058e-14,0.9999999999999613,477
52,53,0.30553167567726014,0.3162956939430417,0.37817263037969817,424
53,54,1.2009802849758676e-14,0.4885915857355317,0.5114084142644563,478
54,55,1.5735469378948388e-14,0.4029216512135078,0.5970783487864765,440
55,56,2.992581500814318e-14,0.9797410207255218,0.020258979274448283,460
56,57,1.1140409384658415e-14,0.3872450786916162,0.6127549213083727,353
57,58,0.32221268295481365,0.3804749356507361,0.2973123813944501,307
58,59,0.37875551065919993,0.09360775403498559,0.5276367353058145,449
59,60,1.9126318100485818e-14,0.00542428901745406,0.9945757109825268,470
60,61,2.2106355234634013e-14,2.2106355234634013e-14,0.9999999999999558,423
61,62,0.4878336612396518,1.0981134920587193e-14,0.5121663387603373,491
62,63,0.41705879551677555,0.5829412044832063,1.8209252419770247e-14,435
63,64,2.009569415029083e-14,0.7961037801697575,0.20389621983022246,486
64,65,0.999999999999956,2.200030980077003e-14,2.200030980077003e-14,355
65,66,0.07564629533237582,0.9243537046675873,3.6913229892200204e-14,441
66,67,0.604995179647222,0.395004820352767,1.0906810412792351e-14,356
67,68,1.120475029922805e-14,0.49129117832056407,0.5087088216794249,341
68,69,0.4522699892180559,0.5439263634871682,0.003803647294776018,375
69,70,0.9980061185601614,2.6306966695738423e-14,0.0019938814398121644,475
70,71,0.004312518701447553,0.9211461810997085,0.07454130019884392,459
71,72,0.9999999999999648,1.7624035551780228e-14,1.7624035551780228e-14,404
72,73,1.1527243244955616e-14,0.3815345710635552,0.6184654289364332,358
73,74,1.8823126981950418e-14,0.009153706011410745,0.9908462939885704,300
74,75,0.525309818947008,0.4746901810529813,1.084667457441754e-14,430
75,76,0.9999999999999625,1.8769522591586432e-14,1.8769522591586432e-14,320
76,77,1.2131179937073943e-14,0.31793158949456335,0.6820684105054245,362
77,78,0.52973302560697,0.4699992595017091,0.000267714891320825,309
78,79,1.4190411509302799e-14,0.23409875848877348,0.7659012415112123,361
79,80,0.4374215019984119,0.5122737961101912,0.0503047018913968,353
80,81,2.1518354919103414e-14,2.1518354919103414e-14,0.9999999999999569,376
81,82,1.3958985036046675e-14,0.6565965060191465,0.3434034939808395,417
82,84,0.9999999999999534,2.333672089669676e-14,2.333672089669676e-14,360
83,85,0.6386027916473496,0.3613972083526387,1.1712470313385707e-14,403
84,86,2.098205677786049e-14,2.098205677786049e-14,0.999999999999958,360
85,90,1.7314650993519504e-14,1.7314650993519504e-14,0.9999999999999654,471
86,91,1.636061645229586e-14,0.7046121231198256,0.2953878768801581,473
87,93,0.018244760098034624,0.9776262930968356,0.00412894680512969,497
88,94,0.40376597224464583,0.5961090268025085,0.00012500095284567964,443
89,97,0.6540290523299269,0.17140041165849126,0.17457053601158193,333
90,98,1.497521867089338e-14,0.1718528061545321,0.828147193845453,480
91,99,1.8334889420032254e-14,1.8334889420032254e-14,0.9999999999999634,387
92,100,3.730780492398179e-14,3.730780492398179e-14,0.9999999999999254,410
93,102,0.9999999999999539,2.304364844443485e-14,2.304364844443485e-14,316
94,103,0.9999999999999406,2.971541137521472e-14,2.971541137521472e-14,418
95,106,1.169208042402523e-14,0.4347747031620885,0.5652252968378999,524
96,107,0.656178004247651,0.24759974074494082,0.09622225500740805,468
97,109,1.9695873275046322e-14,0.008129393664954602,0.9918706063350257,461
98,111,0.9999999999999631,1.844384281811157e-14,1.844384281811157e-14,426
99,112,1.2468330237680953e-14,0.28519027876948405,0.7148097212305035,473
100,113,0.37303607176577336,0.6269639282342115,1.4977571086467295e-14,510
101,114,0.9999999999999639,1.8025317130073426e-14,1.8025317130073426e-14,359
102,115,5.15921127900988e-14,0.010147893054610559,0.9898521069453379,340
103,118,2.3764722383718898e-14,2.3764722383718898e-14,0.9999999999999525,496
104,121,0.9999999999999654,1.7329919664792815e-14,1.7329919664792815e-14,317
105,122,2.6223385048037483e-14,2.6223385048037483e-14,0.9999999999999476,478
106,123,0.44389428706231177,0.12888357653162275,0.4272221364060654,429
107,126,3.056156082340441e-14,3.056156082340441e-14,0.9999999999999388,453
108,127,0.29817037503848387,0.0014170293769422684,0.7004125955845738,481
109,129,0.8644791886099413,0.13552081139003294,2.5783203391207942e-14,354
110,132,0.9970931334245439,0.002906866575439105,1.706073373911996e-14,444
111,133,0.9888849575712525,0.01111504242873036,1.713258879223381e-14,319
112,139,0.5641244997430984,0.435875500256891,1.0568090162461323e-14,353
113,140,1.1762578181726012e-14,0.6533355578408607,0.34666444215912745,242
114,142,1.750956236704848e-14,0.7569807337700858,0.2430192662298968,352
115,143,0.25994907050467253,0.28446830232015125,0.4555826271751762,458
116,144,0.9999999999999614,1.9302284133662786e-14,1.9302284133662786e-14,358
117,145,1.0569735838381894e-14,0.47128480278975654,0.5287151972102329,470
118,148,0.9999999999999646,1.7696814059886804e-14,1.7696814059886804e-14,335
119,149,1.9500893962701564e-14,0.9492347050818098,0.050765294918170625,480
120,154,1.798548352085388e-14,1.798548352085388e-14,0.999999999999964,360
121,156,0.1967551511130531,0.24458044069291668,0.5586644081940302,334
122,158,1.676168327250742e-14,1.676168327250742e-14,0.9999999999999665,407
123,163,0.9999999999999533,2.3395562380280507e-14,2.3395562380280507e-14,400
124,166,2.4872518500792966e-14,0.023652695597094063,0.9763473044028811,412
125,170,1.689452924482703e-14,1.689452924482703e-14,0.9999999999999662,448
126,173,3.311853932796088e-14,3.311853932796088e-14,0.9999999999999337,499
127,179,0.9916522321570368,0.008347767842943773,1.9346588192201324e-14,485
128,183,0.012922222106381364,0.012600971734903856,0.9744768061587147,360
129,186,0.9999999999999649,1.753051951892238e-14,1.753051951892238e-14,328
130,190,2.0143181943600915e-14,0.04097427386651921,0.9590257261334606,497
131,192,0.9991964825747398,0.0008035174252420746,1.8120698529687022e-14,365
132,196,2.0143774537236073e-14,2.0143774537236073e-14,0.9999999999999597,356
133,207,0.999999999999955,2.2493079888118866e-14,2.2493079888118866e-14,344
134,210,0.9999999999999615,1.9285242164236764e-14,1.9285242164236764e-14,387
135,214,0.9999999999999574,2.130413420851391e-14,2.130413420851391e-14,510
136,215,0.999999999999965,1.746465840440853e-14,1.746465840440853e-14,414
137,223,0.9796559918380383,0.020344008161937654,2.4091142437184455e-14,465
138,254,0.9999999999999608,1.9582927942112857e-14,1.9582927942112857e-14,389
139,283,0.9999999999999636,1.8183260125962212e-14,1.8183260125962212e-14,477
140,289,0.9999999999999651,1.7456556057740384e-14,1.7456556057740384e-14,314
141,297,0.999999999999966,1.69918879033339e-14,1.69918879033339e-14,454
142,302,0.9999999999999616,1.9208891867415777e-14,1.9208891867415777e-14,485
143,306,2.4892115444329492e-14,2.4892115444329492e-14,0.9999999999999503,466
144,307,0.999999999999966,1.6971849427105492e-14,1.6971849427105492e-14,415
145,316,1.9868054585864245e-14,1.9868054585864245e-14,0.9999999999999603,413
146,319,0.9999999999999533,2.3385333772995363e-14,2.3385333772995363e-14,374
147,326,0.999999999999966,1.6997519220011466e-14,1.6997519220011466e-14,485
148,332,0.9999116800555399,8.831994443703721e-05,2.312860585471026e-14,524
149,380,2.1954853985384043e-14,2.1954853985384043e-14,0.999999999999956,392
