,trial,hole1,hole2,hole3,num_cols
0,1,7.66443766635986e-15,0.6411370191630458,0.3588629808369465,344
1,2,1.1714252834411827e-14,0.12084924650217879,0.8791507534978096,328
2,3,0.2041075867220835,0.7958924132779083,8.221683967154508e-15,348
3,4,1.0723793998756107e-14,0.006784327537184389,0.993215672462805,361
4,5,0.015704907050366698,0.9770970259214493,0.007198067028183995,363
5,6,0.544191576702749,0.455808423297241,9.978410638666424e-15,408
6,7,1.0749405204375715e-14,1.0749405204375715e-14,0.9999999999999785,363
7,8,0.9999480704467177,1.313963310690652e-14,5.192955326908248e-05,414
8,9,0.9999999999999816,9.23497061977187e-15,9.23497061977187e-15,348
9,10,0.17310119570985097,0.1502411757228965,0.6766576285672525,300
10,11,9.262064763048814e-15,9.262064763048814e-15,0.9999999999999815,468
11,12,0.9999999999999615,1.9287526005664822e-14,1.9287526005664822e-14,379
12,13,0.39431872563666714,0.6056812743633203,1.2522172068651722e-14,420
13,14,1.130682763800501e-14,1.130682763800501e-14,0.9999999999999774,392
14,15,0.6198793232038843,0.38012067679610895,6.781605263494636e-15,240
15,16,0.048901234039648966,0.9510987659603227,2.8219995622286204e-14,419
16,17,0.9803413977595646,0.019658602240415126,2.0257573572315525e-14,369
17,18,3.0293033678004484e-14,0.9999999999999394,3.0293033678004484e-14,367
18,19,0.6084973555624955,0.3915026444374982,6.338709166310687e-15,304
19,20,0.999999999999983,8.494355793723468e-15,8.494355793723468e-15,358
20,21,0.13848833725586115,0.8615116627441293,9.585001118996453e-15,449
21,22,5.5176648220925535e-15,0.6484065828596769,0.3515934171403175,448
22,23,1.7483609234179057e-14,1.7483609234179057e-14,0.999999999999965,517
23,24,1.1630239659644346e-14,0.0006556888132216636,0.9993443111867668,454
24,25,5.988213770434717e-15,0.5562003706064911,0.4437996293935029,473
25,26,8.712029840782718e-15,0.2373500348510752,0.7626499651489161,357
26,27,1.1563443204505248e-14,0.005004222462859971,0.9949957775371284,363
27,28,2.2366062885239462e-14,0.9993632778049737,0.0006367221950039084,309
28,29,0.983934380725972,2.8593962154192634e-14,0.016065619273999465,243
29,30,0.27618433925528807,0.7238156607447042,7.715792545069354e-15,400
30,31,0.9212283031553018,0.042909625208311916,0.035862071636386134,475
31,32,0.11855217723915175,0.5684198276041834,0.31302799515666496,366
32,33,1.0751596338528913e-14,0.9999999999999785,1.0751596338528913e-14,445
33,34,0.9999999999999749,1.2523620090186581e-14,1.2523620090186581e-14,364
34,35,0.8308880075978482,0.1691119924020841,6.773071729450954e-14,475
35,36,8.764226151208216e-15,0.0005556442459813531,0.9994443557540099,373
36,37,0.5082551879275786,0.4917448120724148,6.7005207333163706e-15,408
37,38,1.6201979467745967e-14,1.6201979467745967e-14,0.9999999999999676,399
38,39,0.37387210718675773,0.4925226337144375,0.1336052590988048,375
39,40,0.999999999999978,1.0986426395228408e-14,1.0986426395228408e-14,419
40,41,1.0558390057445248e-14,1.0558390057445248e-14,0.9999999999999789,399
41,42,8.186154225232878e-15,0.39927255293543373,0.600727447064558,477
42,43,0.798989811668915,1.5367549728588598e-14,0.20101018833106957,460
43,44,1.662444174408524e-14,1.662444174408524e-14,0.9999999999999668,475
44,45,0.9999999999999782,1.08863792693058e-14,1.08863792693058e-14,367
45,46,8.166181269697542e-15,0.3825605359801181,0.6174394640198737,351
46,47,1.880936251700192e-14,0.09092091860474816,0.9090790813952331,300
47,48,0.46819886654438325,8.978346609016143e-15,0.5318011334556079,378
48,49,1.7028936858800426e-14,1.7028936858800426e-14,0.9999999999999659,487
49,50,0.025604217724226115,0.9393445153034461,0.03505126697232787,478
50,51,0.9880706285224632,0.011929371477502912,3.392378963313297e-14,351
51,52,9.497075627079894e-15,9.497075627079894e-15,0.999999999999981,458
52,53,0.3416404485589469,0.28904331938834327,0.36931623205270986,425
53,54,7.752857354993333e-15,0.4388009554892504,0.5611990445107419,448
54,55,9.675530324237333e-15,0.46695024492164605,0.5330497550783443,448
55,56,4.835709156284769e-14,0.9999999999999033,4.835709156284769e-14,470
56,57,8.293344238025935e-15,0.27209591206987993,0.7279040879301119,343
57,58,0.28574318362747336,0.4458620111250653,0.2683948052474614,309
58,59,0.36960975014054187,0.009412936780625783,0.6209773130788324,444
59,60,1.1691127693282473e-14,1.1691127693282473e-14,0.9999999999999766,487
60,61,1.4589765942567662e-14,1.4589765942567662e-14,0.9999999999999708,423
61,62,0.44520171260897473,0.005183564220633388,0.5496147231703918,484
62,63,0.08775637196411913,0.9122436280358618,1.9003106277678727e-14,434
63,64,2.443385147832245e-14,0.9364786371485929,0.06352136285138263,489
64,65,0.9999999999999671,1.6435504396304274e-14,1.6435504396304274e-14,358
65,66,0.0003103827609330616,0.9996896172390267,4.0178605564114065e-14,442
66,67,0.7138102090765756,0.28618979092341684,7.484821055463098e-15,352
67,68,8.2655487332362e-15,0.5117516675092134,0.4882483324907783,349
68,69,0.4242161056601962,0.5757838943397969,6.900292915506788e-15,375
69,70,0.9999999999999757,1.2144186399008704e-14,1.2144186399008704e-14,482
70,71,0.004492131116216157,0.9294331820813291,0.06607468680245489,465
71,72,0.9999999999999819,9.064958997952428e-15,9.064958997952428e-15,404
72,73,7.751502354619829e-15,0.29598875599348873,0.7040112440065035,353
73,74,1.3360998348838602e-14,1.3360998348838602e-14,0.9999999999999732,300
74,75,0.5227582265950511,0.47724177340494,8.756910852940673e-15,437
75,76,0.9999999999999769,1.1541333048516669e-14,1.1541333048516669e-14,318
76,77,7.91887844631254e-15,0.27407269231521464,0.7259273076847774,362
77,78,0.5515969838166472,0.4484030161833463,6.501258837039503e-15,312
78,79,9.943182280840039e-15,0.06224086326669598,0.9377591367332941,360
79,80,0.3455975964000241,0.6462910209070855,0.008111382692890367,357
80,81,2.0461617025331025e-14,2.0461617025331025e-14,0.999999999999959,381
81,82,1.0741399907653772e-14,0.920140882978602,0.07985911702138733,417
82,84,0.9999999999999658,1.7098817345067844e-14,1.7098817345067844e-14,365
83,85,0.7225371946817194,0.2774628053182734,7.230592571903061e-15,398
84,86,1.7278799146094312e-14,1.7278799146094312e-14,0.9999999999999655,361
85,90,9.630247082541576e-15,9.630247082541576e-15,0.9999999999999808,469
86,91,1.468406000235875e-14,0.7597713079114335,0.2402286920885517,480
87,93,0.00231423015736811,0.9824238422277445,0.015261927614887393,490
88,94,0.3316554516772203,0.6683445483227727,7.018200912595784e-15,447
89,97,0.8492034345763986,0.02374893075468633,0.12704763466891517,332
90,98,8.216913626985873e-15,0.23582205170473264,0.7641779482952592,477
91,99,1.2464604023962916e-14,1.2464604023962916e-14,0.999999999999975,375
92,100,2.239708394455185e-14,2.239708394455185e-14,0.9999999999999553,403
93,102,0.9999999999999635,1.8265332494797417e-14,1.8265332494797417e-14,317
94,103,0.9999999999999655,1.7269870802959282e-14,1.7269870802959282e-14,414
95,106,6.7445386476050514e-15,0.43457432153690934,0.5654256784630839,521
96,107,0.8465033133942264,0.05429451041156763,0.09920217619420603,469
97,109,1.6107855162653272e-14,1.6107855162653272e-14,0.9999999999999678,449
98,111,0.9999999999999784,1.0825968696612085e-14,1.0825968696612085e-14,419
99,112,7.254489251399813e-15,0.25300961572489317,0.7469903842750996,475
100,113,0.16959518403050963,0.8304048159694811,9.27709478002061e-15,512
101,114,0.9999999999999776,1.1199273495307359e-14,1.1199273495307359e-14,369
102,115,8.021957826151635e-14,8.021957826151635e-14,0.9999999999998396,332
103,118,1.4094223070692755e-14,1.4094223070692755e-14,0.9999999999999718,505
104,121,0.9999999999999801,9.916674457421303e-15,9.916674457421303e-15,322
105,122,1.8163646585321862e-14,1.8163646585321862e-14,0.9999999999999637,473
106,123,0.47795574054536955,0.00873392283778641,0.513310336616844,432
107,126,1.618151291485241e-14,1.618151291485241e-14,0.9999999999999676,452
108,127,0.27326699131140214,9.809871080680917e-15,0.7267330086885881,482
109,129,0.9972382919415531,0.002761708058420347,2.6589873332113342e-14,353
110,132,0.9999999999999817,9.177195316954443e-15,9.177195316954443e-15,459
111,133,0.9999999999999807,9.683749330348358e-15,9.683749330348358e-15,322
112,139,0.5457878810553187,0.45421211894467506,6.2846493815607615e-15,355
113,140,8.46906380388833e-15,0.7568295137179691,0.2431704862820223,243
114,142,1.41104758128261e-14,0.7598230134722479,0.24017698652773795,349
115,143,0.08876335532657995,0.2571943341067024,0.6540423105667177,472
116,144,0.9999999999999696,1.523132579744053e-14,1.523132579744053e-14,357
117,145,7.0764736021039454e-15,0.5009945366042642,0.4990054633957287,455
118,148,0.9999999999999801,9.961087149229274e-15,9.961087149229274e-15,338
119,149,1.1127468715811723e-14,0.9999999999999778,1.1127468715811723e-14,479
120,154,1.1942829819104293e-14,1.1942829819104293e-14,0.9999999999999761,353
121,156,0.16036738056058733,0.02579288102447192,0.8138397384149407,330
122,158,8.628993447968008e-15,8.628993447968008e-15,0.9999999999999828,407
123,163,0.999999999999963,1.850183266076198e-14,1.850183266076198e-14,399
124,166,1.3101278506376078e-14,1.3101278506376078e-14,0.9999999999999738,409
125,170,8.773428605666997e-15,8.773428605666997e-15,0.9999999999999825,453
126,173,2.04972229562304e-14,2.04972229562304e-14,0.999999999999959,502
127,179,0.9860186897135018,0.013981310286485697,1.2568285274714883e-14,495
128,183,0.0007168944226545433,0.011855463047153415,0.987427642530192,360
129,186,0.9999999999999812,9.394325487575397e-15,9.394325487575397e-15,335
130,190,1.16508533529109e-14,0.00020785298873869632,0.9997921470112496,490
131,192,0.9999999999999757,1.2132456806457048e-14,1.2132456806457048e-14,366
132,196,1.256983636762485e-14,1.256983636762485e-14,0.9999999999999749,355
133,207,0.9999999999999712,1.435244732881543e-14,1.435244732881543e-14,338
134,210,0.9999999999999781,1.0950860129833831e-14,1.0950860129833831e-14,392
135,214,0.9999999999999766,1.168511180538222e-14,1.168511180538222e-14,517
136,215,0.9999999999999818,9.10512879634837e-15,9.10512879634837e-15,415
137,223,0.9984778738418331,0.0015221261581499887,1.691986991370472e-14,460
138,254,0.9999999999999727,1.3641181303110694e-14,1.3641181303110694e-14,374
139,283,0.9999999999999792,1.0367420758157266e-14,1.0367420758157266e-14,475
140,289,0.9999999999999816,9.211375703434201e-15,9.211375703434201e-15,306
141,297,0.999999999999982,8.97549225186936e-15,8.97549225186936e-15,451
142,302,0.9999999999999684,1.579971557985413e-14,1.579971557985413e-14,494
143,306,1.1232709252332877e-14,1.1232709252332877e-14,0.9999999999999776,469
144,307,0.9999999999999826,8.725350805702226e-15,8.725350805702226e-15,416
145,316,1.61752423545748e-14,1.61752423545748e-14,0.9999999999999677,412
146,319,0.9999999999999657,1.715416209226916e-14,1.715416209226916e-14,373
147,326,0.9999999999999819,9.03517405599798e-15,9.03517405599798e-15,484
148,332,0.9999999999999732,1.3381495692762232e-14,1.3381495692762232e-14,519
149,380,1.019940319592671e-14,1.019940319592671e-14,0.9999999999999796,396
