,trial,hole1,hole2,hole3,num_cols
0,1,5.6691538923780925e-15,0.6292774292685323,0.37072257073146203,342
1,2,8.781848745011059e-15,0.0021915386729888407,0.9978084613270024,328
2,3,0.022300845874304462,0.9776991541256872,8.3183625181447e-15,355
3,4,8.197516174786412e-15,0.005283389055208966,0.9947166109447828,361
4,5,2.5979156397856053e-14,0.999999999999948,2.5979156397856053e-14,365
5,6,0.4892331263916648,0.5107668736083268,8.399621924745941e-15,416
6,7,8.2416145502175e-15,8.2416145502175e-15,0.9999999999999836,361
7,8,0.9652116114556896,0.03478838854430193,8.444022363740434e-15,412
8,9,0.9999999999999869,6.549591627818426e-15,6.549591627818426e-15,349
9,10,0.16629528955320289,0.0036787822239030222,0.8300259282228941,301
10,11,5.815366715639953e-15,5.815366715639953e-15,0.9999999999999883,468
11,12,0.9999999999999687,1.5628633300009695e-14,1.5628633300009695e-14,371
12,13,0.42586623617609876,0.574133763823885,1.6177348349302126e-14,418
13,14,3.867820306380723e-15,3.867820306380723e-15,0.9999999999999922,396
14,15,0.6594782333936097,0.34052176660638406,6.2449274484775465e-15,240
15,16,2.6834973510671488e-14,0.9999999999999464,2.6834973510671488e-14,411
16,17,0.9999999999999488,2.5616989259328217e-14,2.5616989259328217e-14,366
17,18,2.1168734473423245e-14,0.9999999999999577,2.1168734473423245e-14,369
18,19,0.61902458387618,0.38097541612381497,4.993758769110952e-15,311
19,20,0.9999999999999937,3.164300410533449e-15,3.164300410533449e-15,357
20,21,0.05950398010146923,0.9404960198985242,6.4685481940565335e-15,464
21,22,2.3503889471759353e-15,0.7549891526239761,0.24501084737602155,441
22,23,9.568730305232276e-15,9.568730305232276e-15,0.9999999999999809,522
23,24,6.596923075844204e-15,6.596923075844204e-15,0.9999999999999868,442
24,25,3.916156977901782e-15,0.593641112719666,0.40635888728033,472
25,26,6.321724615055349e-15,0.1462212275218107,0.853778772478183,358
26,27,7.137774783114566e-15,7.137774783114566e-15,0.9999999999999857,360
27,28,3.809893359497152e-14,0.9999999999999238,3.809893359497152e-14,307
28,29,0.9999999999999142,4.291914319994648e-14,4.291914319994648e-14,245
29,30,0.25134721121987796,0.7486527887801162,5.974492063229742e-15,397
30,31,0.9999999999999016,4.917764530524215e-14,4.917764530524215e-14,470
31,32,0.1640553240060816,0.5415601515117711,0.2943845244821474,368
32,33,6.4718152115711904e-15,0.999999999999987,6.4718152115711904e-15,449
33,34,0.99999999999998,9.994981019295872e-15,9.994981019295872e-15,359
34,35,0.9999999999999197,4.0147402754835396e-14,4.0147402754835396e-14,481
35,36,4.201317316415741e-15,4.201317316415741e-15,0.9999999999999916,371
36,37,0.6527522758504547,0.34724772414954,5.262287370338338e-15,407
37,38,8.558937503758864e-15,8.558937503758864e-15,0.9999999999999829,389
38,39,0.350116842375684,0.4674652918982169,0.18241786572609908,396
39,40,0.9999999999999901,4.9489854195722244e-15,4.9489854195722244e-15,426
40,41,6.500982278004204e-15,6.500982278004204e-15,0.999999999999987,399
41,42,6.7495081367396724e-15,0.33088299389269,0.6691170061073032,479
42,43,0.8560542860846618,1.3577957392068078e-14,0.14394571391532465,458
43,44,1.0803571180561026e-14,1.0803571180561026e-14,0.9999999999999784,471
44,45,0.9999999999999879,6.039390019736586e-15,6.039390019736586e-15,370
45,46,6.3548949241920235e-15,0.38512761341762164,0.6148723865823719,354
46,47,1.425686750433128e-14,1.425686750433128e-14,0.9999999999999715,300
47,48,0.40386637978414847,8.282079984975415e-15,0.5961336202158434,384
48,49,1.5806663143232596e-14,1.5806663143232596e-14,0.9999999999999684,488
49,50,0.0074086991176960555,0.99256026832336,3.103255894391121e-05,478
50,51,0.9999999999999295,3.5271281494901015e-14,3.5271281494901015e-14,352
51,52,5.545516859322813e-15,5.545516859322813e-15,0.9999999999999889,474
52,53,0.3439053385743839,0.3627862046096299,0.29330845681598605,424
53,54,5.737486141530447e-15,0.3863670386807851,0.6136329613192092,476
54,55,1.0684900966144317e-14,0.6181630949066789,0.3818369050933105,448
55,56,3.746742694534378e-14,0.9999999999999251,3.746742694534378e-14,465
56,57,6.064244198598835e-15,0.10267247122301738,0.8973275287769765,361
57,58,0.2872488147597954,0.4423661081526499,0.2703850770875547,305
58,59,0.38545375554068273,1.0651542868789866e-14,0.6145462444593066,447
59,60,6.4644489829765644e-15,6.4644489829765644e-15,0.9999999999999871,483
60,61,1.306139083616649e-14,1.306139083616649e-14,0.9999999999999739,420
61,62,0.1214267946524699,0.00020181532242305626,0.8783713900251071,487
62,63,1.9100012538741104e-14,0.9999999999999618,1.9100012538741104e-14,431
63,64,2.2927748955543685e-14,0.9813019893774158,0.018698010622561267,487
64,65,0.999999999999976,1.1965627152071158e-14,1.1965627152071158e-14,354
65,66,4.019794470455344e-14,0.9999999999999196,4.019794470455344e-14,445
66,67,0.634841572393729,0.3651584276062648,6.329170734235404e-15,350
67,68,6.608826201392143e-15,0.6715233250711099,0.3284766749288834,353
68,69,0.3873956034339067,0.588863225882466,0.023741170683627296,377
69,70,0.999999999999981,9.491809193271099e-15,9.491809193271099e-15,474
70,71,7.630306221859618e-15,0.9999999999999848,7.630306221859618e-15,457
71,72,0.9999999999999933,3.305926420463096e-15,3.305926420463096e-15,404
72,73,5.703751299358346e-15,0.26036346563740936,0.7396365343625849,360
73,74,1.2514772697353437e-14,1.2514772697353437e-14,0.999999999999975,300
74,75,0.640076216647865,0.35992378335212105,1.3940669432536698e-14,428
75,76,0.9999999999999786,1.0686796387976716e-14,1.0686796387976716e-14,312
76,77,6.442606860757564e-15,0.32200667150808754,0.677993328491906,363
77,78,0.5558705262200807,0.44412947377991396,5.3770342480715275e-15,310
78,79,7.846743433622874e-15,0.07597260978643748,0.9240273902135547,363
79,80,0.29358206824369987,0.705298365174684,0.0011195665816161435,356
80,81,1.7676013661116215e-14,1.7676013661116215e-14,0.9999999999999647,384
81,82,5.266060759321817e-15,0.9999999999999895,5.266060759321817e-15,424
82,84,0.9999999999999335,3.325184255502106e-14,3.325184255502106e-14,361
83,85,0.7683315295512871,0.23166847044870925,3.5888292341775065e-15,398
84,86,1.1075895161350851e-14,1.1075895161350851e-14,0.9999999999999778,360
85,90,3.9287697091318785e-15,3.9287697091318785e-15,0.9999999999999921,468
86,91,1.9765918019463982e-14,0.9430786057483682,0.05692139425161197,479
87,93,6.72571915496e-15,0.9923406206099621,0.007659379390031228,484
88,94,0.3086888978459035,0.6913111021540926,3.932130985440315e-15,460
89,97,0.9999999999998839,5.807762429057573e-14,5.807762429057573e-14,338
90,98,5.376893111440348e-15,0.23149455681381634,0.7685054431861782,480
91,99,6.544231451555379e-15,6.544231451555379e-15,0.9999999999999869,389
92,100,1.2793935426879081e-14,1.2793935426879081e-14,0.9999999999999745,418
93,102,0.9999999999999694,1.5343780202271568e-14,1.5343780202271568e-14,321
94,103,0.9999999999999716,1.4186107043513853e-14,1.4186107043513853e-14,408
95,106,5.183475510064541e-15,0.41904889561733033,0.5809511043826645,523
96,107,0.8636166772110772,9.107904507302358e-15,0.13638332278891374,469
97,109,1.5258505903467855e-14,1.5258505903467855e-14,0.9999999999999695,457
98,111,0.9999999999999855,7.292767590597284e-15,7.292767590597284e-15,409
99,112,5.526699359140135e-15,0.13733273945935337,0.8626672605406412,468
100,113,0.001650089388517026,0.9983499106114782,4.761392129532404e-15,504
101,114,0.9999999999999873,6.327395732254035e-15,6.327395732254035e-15,372
102,115,1.0794208354573557e-13,1.0794208354573557e-13,0.9999999999997841,338
103,118,8.852405261427265e-15,8.852405261427265e-15,0.9999999999999823,493
104,121,0.9999999999999905,4.747827280902966e-15,4.747827280902966e-15,322
105,122,1.111280197088677e-14,1.111280197088677e-14,0.9999999999999778,471
106,123,0.5344824737534137,1.4374920396012043e-14,0.4655175262465719,422
107,126,7.461623918405143e-15,7.461623918405143e-15,0.9999999999999851,429
108,127,0.2719797264279854,1.0437661945233416e-14,0.728020273572004,478
109,129,0.9999999999999142,4.290895643094017e-14,4.290895643094017e-14,353
110,132,0.9999999999999896,5.241337859998321e-15,5.241337859998321e-15,458
111,133,0.9999999999999892,5.397071620719407e-15,5.397071620719407e-15,323
112,139,0.7021405504086646,0.2978594495913294,6.0772467490447925e-15,347
113,140,7.98711478128377e-15,0.7799366051388626,0.22006339486112944,244
114,142,1.5231622146118582e-14,0.8343469842550113,0.1656530157449734,350
115,143,0.05806138720780872,0.312275168040679,0.6296634447515123,465
116,144,0.999999999999969,1.5484488685498383e-14,1.5484488685498383e-14,362
117,145,5.620243100074779e-15,0.46625817253838636,0.5337418274616079,465
118,148,0.999999999999982,8.999026731265953e-15,8.999026731265953e-15,345
119,149,5.271345345983456e-15,0.9999999999999895,5.271345345983456e-15,476
120,154,7.251522955617219e-15,7.251522955617219e-15,0.9999999999999855,357
121,156,0.010780460425173423,4.467672733420241e-14,0.9892195395747819,327
122,158,3.2360229709849113e-15,3.2360229709849113e-15,0.9999999999999936,409
123,163,0.999999999999978,1.1005205936305366e-14,1.1005205936305366e-14,396
124,166,8.020981751402789e-15,8.020981751402789e-15,0.999999999999984,405
125,170,4.113005172312332e-15,4.113005172312332e-15,0.9999999999999918,441
126,173,1.555950475943853e-14,1.555950475943853e-14,0.9999999999999689,499
127,179,0.9999999999999754,1.2298398207190582e-14,1.2298398207190582e-14,487
128,183,8.199813803086325e-15,0.0001206339397880742,0.9998793660602037,359
129,186,0.9999999999999879,6.028817412366569e-15,6.028817412366569e-15,335
130,190,7.320917947726064e-15,7.320917947726064e-15,0.9999999999999853,493
131,192,0.9999999999999846,7.70147695794096e-15,7.70147695794096e-15,365
132,196,1.1388509719778285e-14,1.1388509719778285e-14,0.9999999999999772,350
133,207,0.999999999999989,5.497018607986752e-15,5.497018607986752e-15,343
134,210,0.999999999999988,6.00484382027894e-15,6.00484382027894e-15,387
135,214,0.9999999999999797,1.0175439560533041e-14,1.0175439560533041e-14,512
136,215,0.9999999999999934,3.299218778635778e-15,3.299218778635778e-15,419
137,223,0.9999999999999618,1.9104628041939833e-14,1.9104628041939833e-14,459
138,254,0.9999999999999812,9.407899248932787e-15,9.407899248932787e-15,373
139,283,0.9999999999999877,6.17154407547167e-15,6.17154407547167e-15,479
140,289,0.999999999999992,3.975831910197302e-15,3.975831910197302e-15,307
141,297,0.9999999999999913,4.348514294482217e-15,4.348514294482217e-15,451
142,302,0.9999999999999797,1.0154558806308105e-14,1.0154558806308105e-14,488
143,306,6.685177608483974e-15,6.685177608483974e-15,0.9999999999999867,464
144,307,0.9999999999999917,4.1498283824479704e-15,4.1498283824479704e-15,416
145,316,1.1828000620887671e-14,1.1828000620887671e-14,0.9999999999999764,415
146,319,0.9999999999999615,1.9256693186225833e-14,1.9256693186225833e-14,372
147,326,0.9999999999999909,4.553866117424359e-15,4.553866117424359e-15,487
148,332,0.9999999999999842,7.885769879193658e-15,7.885769879193658e-15,519
149,380,3.637545987918769e-15,3.637545987918769e-15,0.9999999999999927,401
