,trial,hole1,hole2,hole3,num_cols
0,1,1.6018020466859853e-14,0.5509503516843568,0.44904964831562705,226
1,2,1.9818186990397877e-14,0.47247354707040345,0.5275264529295767,219
2,3,0.43488492444208027,0.5651150755579034,1.6348268839702272e-14,231
3,4,2.7462699416534392e-14,0.04833446633575998,0.9516655336642125,240
4,5,0.03344689907353058,0.6305547873586221,0.33599831356784726,243
5,6,0.4884478349885031,0.5115521650114807,1.6244373059727742e-14,272
6,7,2.915694215194124e-14,2.915694215194124e-14,0.9999999999999417,244
7,8,0.9036873324596391,0.014958063845628238,0.08135460369473273,275
8,9,0.9999999999999435,2.8246121071361904e-14,2.8246121071361904e-14,237
9,10,0.2689524448766874,0.34377370240575383,0.38727385271755876,201
10,11,2.8051925441729058e-14,2.8051925441729058e-14,0.9999999999999439,314
11,12,0.9999999999999092,4.5434860942698265e-14,4.5434860942698265e-14,260
12,13,0.4044250165599964,0.5955749834399836,2.0030908942013383e-14,277
13,14,3.5296082504121596e-14,3.5296082504121596e-14,0.9999999999999294,255
14,15,0.5362541038911571,0.46374589610882744,1.5425486882998844e-14,160
15,16,0.4311616416225254,0.5688383583774533,2.1223457115095607e-14,279
16,17,0.5922401282326892,0.4051382219617903,0.002621649805520387,245
17,18,0.2805575917698773,0.7194424082300941,2.859935448319318e-14,244
18,19,0.5267635888638164,0.4732364111361684,1.5234771499669042e-14,204
19,20,0.9999999999999413,2.9341533683201916e-14,2.9341533683201916e-14,235
20,21,0.13584906349119213,0.8578728255499397,0.0062781109588682564,306
21,22,1.7869837107318384e-14,0.5744110826335052,0.4255889173664769,290
22,23,4.438259577988114e-14,0.009841560920808349,0.9901584390791472,344
23,24,2.0771246645755162e-14,0.28367244521398927,0.71632755478599,303
24,25,1.5339150505750625e-14,0.5189439410218061,0.4810560589781786,314
25,26,1.879858711232671e-14,0.3509456768872878,0.6490543231126935,240
26,27,1.87876387941722e-14,0.34666229920537767,0.6533377007946035,243
27,28,2.6355346590497573e-14,0.6784106653307482,0.3215893346692253,209
28,29,0.5166466498709915,0.17345003163505018,0.30990331849395825,161
29,30,0.17318425840754786,0.8268157415924284,2.3816228535404756e-14,282
30,31,0.557948314311968,0.4420516856880117,2.0366874579835485e-14,309
31,32,0.10621370101486749,0.5680526465304687,0.3257336524546638,248
32,33,2.836921950121952e-14,0.9999999999999433,2.836921950121952e-14,294
33,34,0.8882976662445639,2.8626419895149627e-14,0.11170233375540747,236
34,35,0.2742222792689385,0.5110276274804821,0.21475009325057923,318
35,36,2.100504560698754e-14,0.2525603761402957,0.7474396238596832,252
36,37,0.5034828177737298,0.4965171822262547,1.5568862930178183e-14,274
37,38,0.0009913878318021862,5.940087525185992e-14,0.9990086121681384,251
38,39,0.43025267666035366,0.4461054070156554,0.12364191632399095,254
39,40,0.9999999999999426,2.867548911707799e-14,2.867548911707799e-14,294
40,41,0.0007254246547207216,2.844264015940417e-14,0.9992745753452508,264
41,42,1.878480183546281e-14,0.48170940782071,0.5182905921792712,319
42,43,0.7694324827025197,0.0481822488768466,0.18238526842063363,311
43,44,3.785449515138727e-14,3.785449515138727e-14,0.9999999999999243,311
44,45,0.9990990855316885,0.0009009144682827616,2.870443089114277e-14,247
45,46,1.549107810421149e-14,0.48858528162480275,0.5114147183751818,238
46,47,0.04371535582608362,0.34153531925078107,0.6147493249231353,200
47,48,0.39778096422294157,0.15056056102965518,0.4516584747474032,252
48,49,3.0095198177716395e-14,3.0095198177716395e-14,0.9999999999999398,323
49,50,0.034846127888764414,0.6688355230942529,0.2963183490169828,318
50,51,0.6508095757107971,0.34885509292786365,0.00033533136133924294,237
51,52,0.0010654697407456383,3.020985794521036e-14,0.9989345302592241,310
52,53,0.2733082366698579,0.3450130509230851,0.3816787124070569,282
53,54,2.0894110507580033e-14,0.4637522988770413,0.536247701122938,307
54,55,2.2508320351796824e-14,0.4084210815385529,0.5915789184614245,302
55,56,0.0028209456912043312,0.7984539430014743,0.19872511130732143,312
56,57,0.006153535620815566,0.43746278127303123,0.5563836831061532,224
57,58,0.32365799581474647,0.3627351539276762,0.3136068502575773,204
58,59,0.37024931394721794,0.21401739591697086,0.4157332901358113,295
59,60,2.7097269629351162e-14,0.05370355019513465,0.9462964498048383,320
60,61,0.005218216671798221,0.0005126262483146084,0.9942691570798872,275
61,62,0.4924719664599407,0.005973115824461626,0.5015549177155978,322
62,63,0.4571964192274022,0.5428035807725783,1.9517340929994e-14,290
63,64,2.305063363167265e-14,0.6062212328396962,0.3937787671602807,324
64,65,0.9999999999999359,3.203518140213384e-14,3.203518140213384e-14,238
65,66,0.3529084568528237,0.6470915431471418,3.454415952024579e-14,295
66,67,0.5898452833473534,0.4101547166526297,1.6855545582178844e-14,234
67,68,0.007131758937142638,0.47913995224472267,0.5137282888181347,227
68,69,0.45059121369046895,0.5364214085971364,0.012987377712394698,250
69,70,0.9130634596369553,0.0036567959362591488,0.08327974442678537,314
70,71,0.10439778491035777,0.8169944937574961,0.07860772133214615,311
71,72,0.9999999999999428,2.858213579323172e-14,2.858213579323172e-14,286
72,73,0.005122503092238626,0.4552596087978479,0.5396178881099135,242
73,74,2.8525802747925806e-14,0.02417611844399698,0.9758238815559744,200
74,75,0.5209586287675388,0.47904137123244545,1.5733315351638392e-14,287
75,76,0.9999999999999328,3.356417488375074e-14,3.356417488375074e-14,213
76,77,1.841385909055544e-14,0.3696536324388053,0.6303463675611763,243
77,78,0.5059497334722884,0.48393246749697627,0.01011779903073528,205
78,79,2.009378559632752e-14,0.2933143522269325,0.7066856477730474,241
79,80,0.48299045000046303,0.5052493314649962,0.011760218534540838,239
80,81,3.117871816387297e-14,3.117871816387297e-14,0.9999999999999376,253
81,82,1.9105730339883213e-14,0.5421952065267329,0.45780479347324793,270
82,84,0.9999999999999352,3.244555159247586e-14,3.244555159247586e-14,241
83,85,0.5792864345292289,0.4207135654707546,1.6462909047879843e-14,267
84,86,3.3229616387797155e-14,3.3229616387797155e-14,0.9999999999999335,240
85,90,2.8444517999980636e-14,2.8444517999980636e-14,0.9999999999999432,309
86,91,2.1553523708176136e-14,0.6468242718707614,0.35317572812921694,315
87,93,0.01084347978408981,0.9891565202158817,2.8442776607937135e-14,332
88,94,0.3949153174404332,0.5881892483423162,0.016895434217250573,297
89,97,0.503802902272613,0.2902017159410874,0.20599538178629953,220
90,98,2.2681414070450557e-14,0.2570265363933421,0.7429734636066352,319
91,99,2.9399949029267746e-14,2.9399949029267746e-14,0.9999999999999412,247
92,100,0.001828070792189685,4.928937836830915e-14,0.998171929207761,274
93,102,0.9716867649490687,0.0067736397104936515,0.021539595340437798,206
94,103,0.9239507499922207,0.07604925000773892,4.03935680646227e-14,277
95,106,0.00021464556022601745,0.44245762374183495,0.5573277306979391,347
96,107,0.5094690133156828,0.3305620169487861,0.159968969735531,312
97,109,2.752492012289564e-14,0.10175047595428821,0.8982495240456844,302
98,111,0.9987915733171555,0.0012084266828157322,2.871772915953505e-14,276
99,112,2.1082546287643146e-14,0.24892378339920618,0.7510762166007727,312
100,113,0.5090278813234541,0.4909721186765209,2.5033298400530826e-14,333
101,114,0.9894582211176612,0.010541778882310148,2.864003135839012e-14,251
102,115,5.437687948484572e-14,5.437687948484572e-14,0.9999999999998912,219
103,118,3.3861734998700415e-14,3.3861734998700415e-14,0.9999999999999323,339
104,121,0.9999999999999439,2.8047311117421664e-14,2.8047311117421664e-14,216
105,122,4.973120397592039e-14,4.973120397592039e-14,0.9999999999999005,319
106,123,0.3772971767728638,0.2671862621845712,0.3555165610425651,282
107,126,5.077790312689004e-14,5.077790312689004e-14,0.9999999999998984,303
108,127,0.34606319955026155,0.07099455679359562,0.5829422436561429,320
109,129,0.6192221561310569,0.37526649335180917,0.005511350517133761,237
110,132,0.9142091599837997,0.0857908400161745,2.5695476561739657e-14,298
111,133,0.9439209790755934,0.0560790209243802,2.656070723026648e-14,215
112,139,0.5295400464990851,0.47045995350089953,1.5230786180259815e-14,236
113,140,0.007529444959746077,0.5877070734250515,0.4047634816152024,161
114,142,1.9554388399758947e-14,0.60047424901588,0.39952575098410054,236
115,143,0.33692101393859436,0.24715254361597322,0.4159264424454324,306
116,144,0.9999999999999412,2.942153364391046e-14,2.942153364391046e-14,241
117,145,1.6597947003687493e-14,0.44882444980576025,0.5511755501942232,311
118,148,0.9999999999999435,2.82480696268451e-14,2.82480696268451e-14,227
119,149,2.4867294440671772e-14,0.7491958671168791,0.250804132883096,321
120,154,2.8713299328318536e-14,2.8713299328318536e-14,0.9999999999999426,242
121,156,0.15562338451220234,0.3624543740521128,0.4819222414356849,229
122,158,2.858396603475194e-14,2.858396603475194e-14,0.9999999999999428,270
123,163,0.9999999999999368,3.161004690336722e-14,3.161004690336722e-14,270
124,166,4.0210235206295617e-14,4.0210235206295617e-14,0.9999999999999196,273
125,170,2.7948408476170755e-14,0.0005628277525424059,0.9994371722474296,303
126,173,5.039315766611353e-14,0.011119404821275821,0.9888805951786738,336
127,179,0.9692123704936508,0.030787629506320326,2.876981629801241e-14,331
128,183,2.7477461181294855e-14,0.03945034039307613,0.9605496596068963,240
129,186,0.9999999999999438,2.8106148100679013e-14,2.8106148100679013e-14,221
130,190,2.6595042739296946e-14,0.10327720981613715,0.8967227901838363,337
131,192,0.9746277489703263,0.02537225102964538,2.820675053075607e-14,245
132,196,2.99547508984784e-14,2.99547508984784e-14,0.99999999999994,237
133,207,0.9978889476794228,0.0021110523205342836,4.294924244892759e-14,226
134,210,0.9660664948648957,0.03393350513507504,2.9250374849727693e-14,255
135,214,0.993171872248361,0.006828127751606583,3.242729927555541e-14,344
136,215,0.9990484990015015,0.0009515009984704272,2.804624768719032e-14,278
137,223,0.9386346369382152,0.06136536306175376,3.094015855468301e-14,310
138,254,0.9999999999999417,2.9126349437597066e-14,2.9126349437597066e-14,266
139,283,0.999999999999943,2.846732070923976e-14,2.846732070923976e-14,320
140,289,0.9999999999999427,2.864740151264255e-14,2.864740151264255e-14,202
141,297,0.9996148542788937,0.0003851457210783384,2.7997981848649902e-14,302
142,302,0.9999999999999399,3.0010275535121e-14,3.0010275535121e-14,323
143,306,0.0006706381464511404,3.7176418073037495e-14,0.9993293618535117,313
144,307,0.9999999999999442,2.792123623414356e-14,2.792123623414356e-14,278
145,316,2.947510284355295e-14,0.0005057532651672997,0.9994942467348031,275
146,319,0.9999999999999348,3.2601252732923394e-14,3.2601252732923394e-14,249
147,326,0.9983135753119509,0.0016864246880211394,2.7996996023659916e-14,329
148,332,0.9287980599095088,0.07120194009045006,4.107399889152044e-14,338
149,380,3.3854750035216365e-14,3.3854750035216365e-14,0.9999999999999323,259
